0	prefill	800.237	153.01	19768.9	108.247	0	108.247	0
1	decode	15.8915	11.4975	1267.67	121.455	0	121.455	0
2	decode	15.8897	11.5651	1275.06	121.455	0	121.455	0
3	decode	15.8879	11.5415	1272.42	121.455	0	121.455	0
4	decode	15.8861	11.5343	1271.57	121.455	0	121.455	0
5	decode	15.8843	11.3655	1252.92	121.455	0	121.455	0
6	decode	15.8825	11.4742	1264.85	121.455	0	121.455	0
7	decode	15.8807	11.5449	1272.6	121.455	0	121.455	0
8	decode	15.879	11.531	1271.02	121.455	0	121.455	0
9	decode	15.8772	11.5656	1274.78	127.243	53	127.243	53
10	decode	15.8754	11.4727	1264.49	127.243	53	127.243	53
11	decode	15.8736	11.4902	1266.38	127.243	53	127.243	53
12	decode	15.8718	11.486	1265.86	127.243	53	127.243	53
13	decode	15.87	11.4425	1261.02	127.243	53	127.243	53
14	decode	15.8682	11.4763	1264.7	127.243	53	127.243	53
15	decode	15.8665	11.5103	1268.4	127.243	53	127.243	53
16	decode	15.8647	11.4619	1263.02	127.243	53	127.243	53
17	decode	15.8629	11.4823	1265.21	132.376	53	132.376	53
18	decode	15.8611	11.4279	1259.18	132.376	53	132.376	53
19	decode	15.8593	11.5164	1268.88	132.376	53	132.376	53
20	decode	15.8575	11.4671	1263.4	132.376	53	132.376	53
21	decode	15.8558	11.4376	1260.1	132.376	53	132.376	53
22	decode	15.854	11.4203	1258.15	132.376	53	132.376	53
23	decode	15.8522	11.4416	1260.45	132.376	53	132.376	53
24	decode	15.8504	11.4028	1256.13	132.376	53	132.376	53
25	decode	15.8486	11.4474	1260.98	140.556	56	140.556	56
26	decode	15.8469	11.4913	1265.78	140.556	56	140.556	56
27	decode	15.8451	11.4614	1262.44	140.556	56	140.556	56
28	decode	15.8433	11.4782	1264.24	140.556	56	140.556	56
29	decode	15.8415	11.5361	1270.57	140.556	56	140.556	56
30	decode	15.8397	11.4939	1265.87	140.556	56	140.556	56
31	decode	15.838	11.5156	1268.22	140.556	56	140.556	56
32	decode	15.8362	11.4753	1263.73	150.086	56	150.086	56
33	decode	15.8344	11.5186	1268.44	150.086	56	150.086	56
34	decode	15.8326	11.4654	1262.55	150.086	56	150.086	56
35	decode	15.8309	11.5183	1268.32	150.086	56	150.086	56
36	decode	15.8291	11.4452	1260.22	150.086	56	150.086	56
37	decode	15.8273	11.3847	1253.51	150.086	56	150.086	56
38	decode	15.8255	11.5108	1267.35	150.086	56	150.086	56
39	decode	15.8238	11.5383	1270.33	150.086	56	150.086	56
40	decode	15.822	11.4476	1260.3	157.518	56	157.518	56
41	decode	15.8202	11.5168	1267.87	157.518	56	157.518	56
42	decode	15.8185	11.5381	1270.16	157.518	56	157.518	56
43	decode	15.8167	11.5069	1266.68	157.518	56	157.518	56
44	decode	15.8149	11.5213	1268.21	157.518	56	157.518	56
45	decode	15.8132	11.5086	1266.78	157.518	56	157.518	56
46	decode	15.8114	11.4831	1263.92	157.518	56	157.518	56
47	decode	15.8096	11.5455	1270.74	157.518	56	157.518	56
48	decode	15.8078	11.5603	1272.32	167.311	56	167.311	56
49	decode	15.8061	11.6114	1277.89	167.311	56	167.311	56
50	decode	15.8043	11.4615	1261.35	167.311	56	167.311	56
51	decode	15.8026	11.5618	1272.33	167.311	56	167.311	56
52	decode	15.8008	11.443	1259.22	167.311	56	167.311	56
53	decode	15.799	11.388	1253.12	167.311	56	167.311	56
54	decode	15.7973	11.4484	1259.72	167.311	56	167.311	56
55	decode	15.7955	11.4594	1260.88	167.311	56	167.311	56
56	decode	15.7937	11.365	1250.44	174.706	56	174.706	56
57	decode	15.792	11.5195	1267.4	174.706	56	174.706	56
58	decode	15.7902	11.4433	1258.96	174.706	56	174.706	56
59	decode	15.7884	11.4466	1259.28	174.706	56	174.706	56
60	decode	15.7867	11.4454	1259.1	174.706	56	174.706	56
61	decode	15.7849	11.5201	1267.26	174.706	56	174.706	56
62	decode	15.7832	11.4238	1256.63	174.706	56	174.706	56
63	decode	15.7814	11.4744	1262.15	174.706	56	174.706	56
64	decode	15.7796	11.4134	1255.39	184.907	56	184.907	56
65	decode	15.7779	11.4572	1260.15	184.907	56	184.907	56
66	decode	15.7761	11.3721	1250.75	184.907	56	184.907	56
67	decode	15.7744	11.4005	1253.83	184.907	56	184.907	56
68	decode	15.7726	11.3845	1252.02	184.907	56	184.907	56
69	decode	15.7709	11.3599	1249.26	184.907	56	184.907	56
70	decode	15.7691	11.4448	1258.56	184.907	56	184.907	56
71	decode	15.7673	11.4377	1257.73	184.907	56	184.907	56
72	decode	15.7656	11.4604	1260.18	189.956	56	189.956	56
73	decode	15.7638	11.4824	1262.55	189.956	56	189.956	56
74	decode	15.7621	11.4114	1254.69	189.956	56	189.956	56
75	decode	15.7603	11.4682	1260.89	189.956	56	189.956	56
76	decode	15.7586	11.4423	1257.99	189.956	56	189.956	56
77	decode	15.7568	11.5629	1271.21	189.956	56	189.956	56
78	decode	15.7551	11.4435	1258.03	189.956	56	189.956	56
79	decode	15.7533	11.4623	1260.05	189.956	56	189.956	56
80	decode	15.7516	11.4851	1262.51	185.296	56	185.296	56
81	decode	15.7498	11.5219	1266.5	185.296	56	185.296	56
82	decode	15.7481	11.5004	1264.1	185.296	56	185.296	56
83	decode	15.7463	11.5298	1267.28	185.296	56	185.296	56
84	decode	15.7446	11.496	1263.51	185.296	56	185.296	56
85	decode	15.7428	11.4071	1253.7	185.296	56	185.296	56
86	decode	15.7411	11.5207	1266.13	185.296	56	185.296	56
87	decode	15.7393	10.4259	1145.77	184.695	57	184.695	57
88	decode	15.7376	11.5351	1267.62	184.695	57	184.695	57
89	decode	15.7358	11.4902	1262.64	184.695	57	184.695	57
90	decode	15.7341	11.5856	1273.08	184.695	57	184.695	57
91	decode	15.7324	11.5415	1268.18	184.695	57	184.695	57
92	decode	15.7306	11.5192	1265.68	184.695	57	184.695	57
93	decode	15.7289	11.2758	1238.9	184.695	57	184.695	57
94	decode	15.7271	11.549	1268.86	184.695	57	184.695	57
95	decode	15.7254	11.5711	1271.24	184.503	57	184.503	57
96	decode	15.7236	11.4423	1257.05	184.503	57	184.503	57
97	decode	15.7219	11.3983	1252.17	184.503	57	184.503	57
98	decode	15.7202	11.5496	1268.74	184.503	57	184.503	57
99	decode	15.7184	11.4853	1261.63	184.503	57	184.503	57
100	decode	15.7167	11.5311	1266.61	184.503	57	184.503	57
101	decode	15.7149	11.3788	1249.83	184.503	57	184.503	57
102	decode	15.7132	11.6186	1276.12	184.503	57	184.503	57
103	decode	15.7115	11.5232	1265.59	184.59	57	184.59	57
104	decode	15.7097	11.5866	1272.52	184.59	57	184.59	57
105	decode	15.708	11.4716	1259.84	184.59	57	184.59	57
106	decode	15.7062	11.5697	1270.56	184.59	57	184.59	57
107	decode	15.7045	11.5833	1272.01	184.59	57	184.59	57
108	decode	15.7028	11.4819	1260.82	184.59	57	184.59	57
109	decode	15.701	11.4721	1259.69	184.59	57	184.59	57
110	decode	15.6993	11.5231	1265.25	184.59	57	184.59	57
111	decode	15.6976	11.5014	1262.82	184.675	57	184.675	57
112	decode	15.6958	11.3683	1248.16	184.675	57	184.675	57
113	decode	15.6941	11.4824	1260.64	184.675	57	184.675	57
114	decode	15.6924	11.5127	1263.92	184.675	57	184.675	57
115	decode	15.6906	11.5166	1264.3	184.675	57	184.675	57
116	decode	15.6889	11.529	1265.62	184.675	57	184.675	57
117	decode	15.6872	11.3512	1246.05	184.675	57	184.675	57
118	decode	15.6854	11.5398	1266.7	184.675	57	184.675	57
119	decode	15.6837	11.5336	1265.97	184.748	57	184.748	57
120	decode	15.682	11.4828	1260.35	184.748	57	184.748	57
121	decode	15.6802	11.4257	1254.04	184.748	57	184.748	57
122	decode	15.6785	11.5634	1269.1	184.748	57	184.748	57
123	decode	15.6768	11.5149	1263.73	184.748	57	184.748	57
124	decode	15.6751	11.5397	1266.4	184.748	57	184.748	57
125	decode	15.6733	11.5214	1264.35	184.748	57	184.748	57
126	decode	15.6716	11.5705	1269.69	184.748	57	184.748	57
127	decode	15.6699	11.4699	1258.6	185.073	57	185.073	57
128	decode	15.6682	11.4874	1260.47	185.073	57	185.073	57
129	decode	15.6664	11.4461	1255.9	185.073	57	185.073	57
130	decode	15.6647	11.4417	1255.36	185.073	57	185.073	57
131	decode	15.663	11.3941	1250.1	185.073	57	185.073	57
132	decode	15.6613	11.4908	1260.65	185.073	57	185.073	57
133	decode	15.6595	11.3888	1249.42	185.073	57	185.073	57
134	decode	15.6578	11.5133	1263.03	185.073	57	185.073	57
135	decode	15.6561	11.3512	1245.2	185.313	57	185.313	57
136	decode	15.6544	11.4362	1254.47	185.313	57	185.313	57
137	decode	15.6526	11.4384	1254.67	185.313	57	185.313	57
138	decode	15.6509	11.5399	1265.76	185.313	57	185.313	57
139	decode	15.6492	11.4771	1258.82	185.313	57	185.313	57
140	decode	15.6475	11.4793	1259.02	185.313	57	185.313	57
141	decode	15.6458	11.4886	1259.98	185.313	57	185.313	57
142	decode	15.6441	11.4755	1258.5	185.551	57	185.551	57
143	decode	15.6423	11.4785	1258.79	185.551	57	185.551	57
144	decode	15.6406	11.5304	1264.43	185.551	57	185.551	57
145	decode	15.6389	11.4299	1253.36	185.551	57	185.551	57
146	decode	15.6372	11.534	1264.73	185.551	57	185.551	57
147	decode	15.6355	11.5124	1262.31	185.551	57	185.551	57
148	decode	15.6337	11.5173	1262.81	185.551	57	185.551	57
149	decode	15.632	11.35	1244.42	185.551	57	185.551	57
150	decode	15.6303	11.506	1261.47	185.979	57	185.979	57
151	decode	15.6286	11.493	1259.99	185.979	57	185.979	57
152	decode	15.6269	11.5042	1261.17	185.979	57	185.979	57
153	decode	15.6252	11.4786	1258.32	185.979	57	185.979	57
154	decode	15.6235	11.4839	1258.85	185.979	57	185.979	57
155	decode	15.6218	11.5509	1266.15	185.979	57	185.979	57
156	decode	15.62	11.4868	1259.08	185.979	57	185.979	57
157	decode	15.6183	11.4768	1257.94	185.979	57	185.979	57
158	decode	15.6166	11.0391	1209.91	185.771	57	185.771	57
159	decode	15.6149	11.4436	1254.2	185.771	57	185.771	57
160	decode	15.6132	11.4087	1250.33	185.771	57	185.771	57
161	decode	15.6115	11.5125	1261.66	185.771	57	185.771	57
162	decode	15.6098	11.4744	1257.44	185.771	57	185.771	57
163	decode	15.6081	11.4987	1260.05	185.771	57	185.771	57
164	decode	15.6064	11.4731	1257.2	185.771	57	185.771	57
165	decode	15.6047	11.4366	1253.15	185.771	57	185.771	57
166	decode	15.603	11.5113	1261.29	186.188	57	186.188	57
167	decode	15.6012	11.4988	1259.87	186.188	57	186.188	57
168	decode	15.5995	11.3931	1248.24	186.188	57	186.188	57
169	decode	15.5978	11.5074	1260.72	186.188	57	186.188	57
170	decode	15.5961	11.522	1262.27	186.188	57	186.188	57
171	decode	15.5944	11.52	1262	186.188	57	186.188	57
172	decode	15.5927	11.4325	1252.37	186.188	57	186.188	57
173	decode	15.591	11.5083	1260.63	186.188	57	186.188	57
174	decode	15.5893	11.5896	1269.49	186.962	57	186.962	57
175	decode	15.5876	11.5764	1267.99	186.962	57	186.962	57
176	decode	15.5859	11.4879	1258.24	186.962	57	186.962	57
177	decode	15.5842	11.5271	1262.49	186.962	57	186.962	57
178	decode	15.5825	11.4337	1252.22	186.962	57	186.962	57
179	decode	15.5808	11.5321	1262.94	186.962	57	186.962	57
180	decode	15.5791	11.4409	1252.91	186.962	57	186.962	57
181	decode	15.5774	10.7251	1174.48	186.962	57	186.962	57
182	decode	15.5757	11.5054	1259.88	187.234	57	187.234	57
183	decode	15.574	11.5379	1263.39	187.234	57	187.234	57
184	decode	15.5723	11.4731	1256.25	187.234	57	187.234	57
185	decode	15.5706	11.5467	1264.26	187.234	57	187.234	57
186	decode	15.5689	11.5288	1262.25	187.234	57	187.234	57
187	decode	15.5672	11.5499	1264.51	187.234	57	187.234	57
188	decode	15.5655	11.4416	1252.61	187.234	57	187.234	57
189	decode	15.5638	11.5549	1264.96	187.234	57	187.234	57
190	decode	15.5621	11.5317	1262.39	187.554	57	187.554	57
191	decode	15.5605	11.5067	1259.59	187.554	57	187.554	57
192	decode	15.5588	11.44	1252.25	187.554	57	187.554	57
193	decode	15.5571	11.531	1262.16	187.554	57	187.554	57
194	decode	15.5554	11.4658	1254.98	187.554	57	187.554	57
195	decode	15.5537	11.486	1257.14	187.554	57	187.554	57
196	decode	15.552	11.46	1254.25	187.554	57	187.554	57
197	decode	15.5503	0.0231475	2.5333	101.433	0	153.039	0
198	decode	15.5486	9.54561	1044.65	98.049	0	98.049	0
199	decode	15.5469	10.5897	1158.87	98.049	0	98.049	0
200	decode	15.5452	10.6933	1170.16	98.049	0	98.049	0
201	decode	15.5435	10.8898	1191.61	98.049	0	98.049	0
202	decode	15.5419	10.9095	1193.73	98.049	0	98.049	0
203	decode	15.5402	10.7974	1181.42	98.049	0	98.049	0
204	decode	15.5385	10.9256	1195.4	105.53	6	105.53	6
205	decode	15.5368	10.9719	1200.42	105.53	6	105.53	6
206	decode	15.5351	10.936	1196.44	105.53	6	105.53	6
207	decode	15.5334	10.8096	1182.57	105.53	6	105.53	6
208	decode	15.5317	10.8698	1189.11	105.53	6	105.53	6
209	decode	15.53	10.9332	1196	105.53	6	105.53	6
210	decode	15.5284	10.8839	1190.57	105.53	6	105.53	6
211	decode	15.5267	10.9571	1198.53	105.53	6	105.53	6
212	decode	15.525	10.8934	1191.52	114.149	6	114.149	6
213	decode	15.5233	10.7041	1170.77	114.149	6	114.149	6
214	decode	15.5216	10.88	1189.96	114.149	6	114.149	6
215	decode	15.5199	10.8802	1189.94	114.149	6	114.149	6
216	decode	15.5183	10.8625	1187.96	114.149	6	114.149	6
217	decode	15.5166	11.0139	1204.47	114.149	6	114.149	6
218	decode	15.5149	10.973	1199.95	114.149	6	114.149	6
219	decode	15.5132	10.9597	1198.45	118.626	30.5	123.104	55
220	decode	15.5115	10.9281	1194.95	123.104	55	123.104	55
221	decode	15.5099	10.9989	1202.65	123.104	55	123.104	55
222	decode	15.5082	10.899	1191.69	123.104	55	123.104	55
223	decode	15.5065	10.9145	1193.33	123.104	55	123.104	55
224	decode	15.5048	10.9314	1195.14	123.104	55	123.104	55
225	decode	15.5032	10.9262	1194.53	123.104	55	123.104	55
226	decode	15.5015	11.0136	1204.04	123.104	55	123.104	55
227	decode	15.4998	10.8747	1188.8	131.496	55	131.496	55
228	decode	15.4981	10.8987	1191.38	131.496	55	131.496	55
229	decode	15.4964	10.7933	1179.82	131.496	55	131.496	55
230	decode	15.4948	10.9542	1197.36	131.496	55	131.496	55
231	decode	15.4931	10.8209	1182.74	131.496	55	131.496	55
232	decode	15.4914	10.9005	1191.4	131.496	55	131.496	55
233	decode	15.4898	10.9336	1194.97	131.496	55	131.496	55
234	decode	15.4881	10.8837	1189.48	135.918	55	140.341	55
235	decode	15.4864	10.9765	1199.57	140.341	55	140.341	55
236	decode	15.4847	10.8933	1190.43	140.341	55	140.341	55
237	decode	15.4831	10.8774	1188.65	140.341	55	140.341	55
238	decode	15.4814	10.9534	1196.91	140.341	55	140.341	55
239	decode	15.4797	10.9358	1194.94	140.341	55	140.341	55
240	decode	15.4781	10.9351	1194.82	140.341	55	140.341	55
241	decode	15.4764	10.947	1196.08	140.341	55	140.341	55
242	decode	15.4747	10.9214	1193.24	149.863	55	149.863	55
243	decode	15.473	10.886	1189.32	149.863	55	149.863	55
244	decode	15.4714	10.8922	1189.95	149.863	55	149.863	55
245	decode	15.4697	10.8612	1186.52	149.863	55	149.863	55
246	decode	15.468	10.9689	1198.24	149.863	55	149.863	55
247	decode	15.4664	10.8551	1185.77	149.863	55	149.863	55
248	decode	15.4647	10.8992	1190.54	149.863	55	149.863	55
249	decode	15.463	10.9488	1195.91	158.776	55	158.776	55
250	decode	15.4614	10.9433	1195.27	158.776	54	158.776	54
251	decode	15.4597	10.9876	1200.06	158.776	54	158.776	54
252	decode	15.458	10.9593	1196.92	158.776	54	158.776	54
253	decode	15.4564	10.926	1193.25	158.776	54	158.776	54
254	decode	15.4547	10.9825	1199.37	158.776	54	158.776	54
