0	prefill	100.814	30.2367	3906.59	107.499	24	107.499	24
1	decode	2.00228	1.45342	160.247	107.499	24	107.499	24
2	decode	2.00232	1.47536	162.661	114.78	24	114.78	24
3	decode	2.00235	1.46325	161.319	114.78	24	114.78	24
4	decode	2.00239	1.47294	162.381	114.78	24	114.78	24
5	decode	2.00243	1.45159	160.021	114.78	24	114.78	24
6	decode	2.00247	1.47303	162.378	114.78	24	114.78	24
7	decode	2.00251	1.47008	162.047	114.78	24	114.78	24
8	decode	2.00254	1.4688	161.9	114.78	24	114.78	24
9	decode	2.00258	1.45915	160.83	114.78	24	114.78	24
10	decode	2.00262	1.46836	161.839	123.156	52	123.156	52
11	decode	2.00266	1.46207	161.14	123.156	52	123.156	52
12	decode	2.0027	1.46551	161.512	123.156	52	123.156	52
13	decode	2.00273	1.45849	160.733	123.156	52	123.156	52
14	decode	2.00277	1.45175	159.985	123.156	52	123.156	52
15	decode	2.00281	1.45038	159.828	123.156	52	123.156	52
16	decode	2.00285	1.45647	160.493	123.156	52	123.156	52
17	decode	2.00289	1.46563	161.495	123.156	52	123.156	52
18	decode	2.00292	1.45161	159.945	124.912	52	126.668	52
19	decode	2.00296	1.46945	161.904	126.668	52	126.668	52
20	decode	2.003	1.46412	161.311	126.668	52	126.668	52
21	decode	2.00304	1.45752	160.577	126.668	52	126.668	52
22	decode	2.00308	1.45159	159.918	126.668	52	126.668	52
23	decode	2.00311	1.45389	160.165	126.668	52	126.668	52
24	decode	2.00315	1.46532	161.418	126.668	52	126.668	52
25	decode	2.00319	1.46236	161.086	126.668	52	126.668	52
26	decode	2.00323	1.46503	161.374	126.668	52	126.668	52
27	decode	2.00326	1.46507	161.373	131.133	55	131.133	55
28	decode	2.0033	1.46856	161.751	131.133	55	131.133	55
29	decode	2.00334	1.46428	161.274	131.133	55	131.133	55
30	decode	2.00338	1.46283	161.108	131.133	55	131.133	55
31	decode	2.00342	1.4641	161.242	131.133	55	131.133	55
32	decode	2.00345	1.46857	161.727	131.133	55	131.133	55
33	decode	2.00349	1.4683	161.692	131.133	55	131.133	55
34	decode	2.00353	1.46823	161.678	139.813	55	139.813	55
35	decode	2.00357	1.47258	162.151	139.813	55	139.813	55
36	decode	2.00361	1.45463	160.168	139.813	55	139.813	55
37	decode	2.00364	1.45893	160.635	139.813	55	139.813	55
38	decode	2.00368	1.47074	161.93	139.813	55	139.813	55
39	decode	2.00372	1.47164	162.022	139.813	55	139.813	55
40	decode	2.00376	1.45764	160.475	139.813	55	139.813	55
41	decode	2.00379	1.46988	161.816	139.813	55	139.813	55
42	decode	2.00383	1.46586	161.368	148.153	55	148.153	55
43	decode	2.00387	1.4686	161.664	148.153	55	148.153	55
44	decode	2.00391	1.46791	161.581	148.153	55	148.153	55
45	decode	2.00395	1.47371	162.213	148.153	55	148.153	55
46	decode	2.00398	1.46651	161.415	148.153	55	148.153	55
47	decode	2.00402	1.46131	160.837	148.153	55	148.153	55
48	decode	2.00406	1.46574	161.318	148.153	55	148.153	55
49	decode	2.0041	1.45216	159.818	148.153	55	148.153	55
50	decode	2.00414	1.47134	161.922	156.092	55	156.092	55
51	decode	2.00417	1.46954	161.718	156.092	55	156.092	55
52	decode	2.00421	1.46025	160.689	156.092	55	156.092	55
53	decode	2.00425	1.44819	159.357	156.092	55	156.092	55
54	decode	2.00429	1.47116	161.878	156.092	55	156.092	55
55	decode	2.00433	1.46682	161.394	156.092	55	156.092	55
56	decode	2.00436	1.46561	161.255	156.092	55	156.092	55
57	decode	2.0044	1.45828	160.443	156.092	55	156.092	55
58	decode	2.00444	1.46125	160.763	164.106	55	164.106	55
59	decode	2.00448	1.46452	161.117	164.106	55	164.106	55
60	decode	2.00451	1.46366	161.016	164.106	55	164.106	55
61	decode	2.00455	1.45897	160.494	164.106	55	164.106	55
62	decode	2.00459	1.4635	160.986	164.106	55	164.106	55
63	decode	2.00463	1.46555	161.205	164.106	55	164.106	55
64	decode	2.00467	1.46178	160.785	164.106	55	164.106	55
65	decode	2.0047	1.45282	159.793	164.106	55	164.106	55
66	decode	2.00474	1.45447	159.969	167.249	55	170.392	55
67	decode	2.00478	1.46478	161.096	170.392	55	170.392	55
68	decode	2.00482	1.47466	162.177	170.392	55	170.392	55
69	decode	2.00485	1.45504	160.013	170.392	55	170.392	55
70	decode	2.00489	1.45678	160.199	170.392	55	170.392	55
71	decode	2.00493	1.46496	161.092	170.392	55	170.392	55
72	decode	2.00497	1.4617	160.727	170.392	55	170.392	55
73	decode	2.00501	1.4608	160.622	170.392	55	170.392	55
74	decode	2.00504	1.46715	161.314	170.392	55	170.392	55
75	decode	2.00508	1.4642	160.984	177.252	55	177.252	55
76	decode	2.00512	1.45822	160.321	177.252	55	177.252	55
77	decode	2.00516	1.46117	160.639	177.252	55	177.252	55
78	decode	2.0052	1.4611	160.625	177.252	55	177.252	55
79	decode	2.00523	1.46125	160.636	177.252	55	177.252	55
80	decode	2.00527	1.45977	160.467	177.252	55	177.252	55
81	decode	2.00531	1.47048	161.637	177.252	55	177.252	55
82	decode	2.00535	1.46321	160.833	177.252	55	177.252	55
83	decode	2.00538	1.46029	160.505	178.314	55	178.314	55
84	decode	2.00542	1.46131	160.612	178.314	55	178.314	55
85	decode	2.00546	1.45374	159.773	178.314	55	178.314	55
86	decode	2.0055	1.46526	161.034	178.314	55	178.314	55
87	decode	2.00554	1.47539	162.14	178.314	55	178.314	55
88	decode	2.00557	1.46317	160.792	178.314	55	178.314	55
89	decode	2.00561	1.466	161.097	178.314	55	178.314	55
90	decode	2.00565	1.47042	161.576	178.314	55	178.314	55
91	decode	2.00569	1.46303	160.758	178.01	56	178.01	56
92	decode	2.00572	1.45503	159.872	178.01	56	178.01	56
93	decode	2.00576	1.46613	161.087	178.01	56	178.01	56
94	decode	2.0058	1.46375	160.819	178.01	56	178.01	56
95	decode	2.00584	1.46209	160.631	178.01	56	178.01	56
96	decode	2.00588	1.45819	160.196	178.01	56	178.01	56
97	decode	2.00591	1.46068	160.464	178.01	56	178.01	56
98	decode	2.00595	1.46087	160.478	178.01	56	178.01	56
99	decode	2.00599	1.4642	160.838	178.15	56	178.15	56
100	decode	2.00603	1.46651	161.086	178.15	56	178.15	56
101	decode	2.00606	1.38911	152.578	178.15	56	178.15	56
102	decode	2.0061	1.43918	158.072	178.15	56	178.15	56
103	decode	2.00614	1.46312	160.695	178.15	56	178.15	56
104	decode	2.00618	1.46717	161.134	178.15	56	178.15	56
105	decode	2.00622	1.46607	161.007	178.15	56	178.15	56
106	decode	2.00625	1.46335	160.702	177.867	55	177.867	55
107	decode	2.00629	1.46898	161.315	177.867	55	177.867	55
108	decode	2.00633	1.46728	161.121	177.867	55	177.867	55
109	decode	2.00637	1.45788	160.084	177.867	55	177.867	55
110	decode	2.00641	1.46687	161.064	177.867	55	177.867	55
111	decode	2.00644	1.46076	160.388	177.867	55	177.867	55
112	decode	2.00648	1.46833	161.213	177.867	55	177.867	55
113	decode	2.00652	1.36167	149.497	177.867	55	177.867	55
114	decode	2.00656	1.4473	158.892	177.85	55	177.85	55
115	decode	2.00659	1.45825	160.087	177.85	55	177.85	55
116	decode	2.00663	1.46224	160.52	177.85	55	177.85	55
117	decode	2.00667	1.43261	157.26	177.85	55	177.85	55
118	decode	2.00671	1.45819	160.062	177.85	55	177.85	55
119	decode	2.00674	1.45166	159.34	177.85	55	177.85	55
120	decode	2.00678	1.46354	160.638	177.85	55	177.85	55
121	decode	2.00682	1.45718	159.934	177.85	55	177.85	55
122	decode	2.00686	1.45859	160.083	177.974	55	177.974	55
123	decode	2.0069	1.45645	159.841	177.974	55	177.974	55
124	decode	2.00693	1.45695	159.891	177.974	55	177.974	55
125	decode	2.00697	1.43284	157.239	177.974	55	177.974	55
126	decode	2.00701	1.4598	160.191	177.974	55	177.974	55
127	decode	2.00705	1.4495	159.055	177.974	55	177.974	55
128	decode	2.00708	1.45707	159.88	177.974	55	177.974	55
129	decode	2.00712	1.47152	161.458	177.974	55	177.974	55
130	decode	2.00716	1.45535	159.679	177.836	55	177.974	55
131	decode	2.0072	1.461	160.293	177.698	55	177.698	55
132	decode	2.00724	1.46188	160.383	177.698	55	177.698	55
133	decode	2.00727	1.45633	159.768	177.698	55	177.698	55
134	decode	2.00731	1.4527	159.364	177.698	55	177.698	55
135	decode	2.00735	1.46044	160.207	177.698	55	177.698	55
136	decode	2.00739	1.4006	153.637	177.698	55	177.698	55
137	decode	2.00742	1.41958	155.712	177.698	55	177.698	55
138	decode	2.00746	1.45501	159.593	177.565	55	177.698	55
139	decode	2.0075	1.4722	161.473	177.431	55	177.431	55
140	decode	2.00754	1.46036	160.168	177.431	55	177.431	55
141	decode	2.00758	1.46231	160.376	177.431	55	177.431	55
142	decode	2.00761	1.45775	159.87	177.431	55	177.431	55
143	decode	2.00765	1.45712	159.794	177.431	55	177.431	55
144	decode	2.00769	1.45965	160.066	177.431	55	177.431	55
145	decode	2.00773	1.45726	159.797	177.431	55	177.431	55
146	decode	2.00776	1.45369	159.4	177.543	55	177.655	55
147	decode	2.0078	1.45917	159.995	177.655	55	177.655	55
148	decode	2.00784	1.44337	158.257	177.655	55	177.655	55
149	decode	2.00788	1.44922	158.892	177.655	55	177.655	55
150	decode	2.00792	1.45645	159.679	177.655	55	177.655	55
151	decode	2.00795	1.46623	160.745	177.655	55	177.655	55
152	decode	2.00799	1.4511	159.081	177.655	55	177.655	55
153	decode	2.00803	1.46266	160.342	177.655	55	177.655	55
154	decode	2.00807	1.4602	160.066	177.733	55.5	177.81	56
155	decode	2.0081	1.45503	159.493	177.81	56	177.81	56
156	decode	2.00814	1.46427	160.5	177.81	56	177.81	56
157	decode	2.00818	1.44903	158.824	177.81	56	177.81	56
158	decode	2.00822	1.45631	159.616	177.81	56	177.81	56
159	decode	2.00825	1.45761	159.751	177.81	56	177.81	56
160	decode	2.00829	1.43629	157.409	177.81	56	177.81	56
161	decode	2.00833	1.45989	159.989	177.81	56	177.81	56
162	decode	2.00837	1.46236	160.254	177.81	56	177.81	56
163	decode	2.00841	1.45446	159.383	177.853	56	177.853	56
164	decode	2.00844	1.46544	160.58	177.853	56	177.853	56
165	decode	2.00848	1.45674	159.62	177.853	56	177.853	56
166	decode	2.00852	1.45835	159.791	177.853	56	177.853	56
167	decode	2.00856	1.45113	158.994	177.853	56	177.853	56
168	decode	2.00859	1.45879	159.827	177.853	56	177.853	56
169	decode	2.00863	1.45728	159.656	177.853	56	177.853	56
170	decode	2.00867	1.45899	159.837	177.853	56	177.853	56
171	decode	2.00871	1.2431	136.18	178.095	56	178.095	56
172	decode	2.00874	1.44296	158.069	178.095	56	178.095	56
173	decode	2.00878	1.45418	159.292	178.095	56	178.095	56
174	decode	2.00882	1.45795	159.698	178.095	56	178.095	56
175	decode	2.00886	1.45815	159.715	178.095	56	178.095	56
176	decode	2.0089	1.45762	159.651	178.095	56	178.095	56
177	decode	2.00893	1.45566	159.429	178.095	56	178.095	56
178	decode	2.00897	1.4537	159.21	177.81	56	177.81	56
179	decode	2.00901	1.44693	158.462	177.81	56	177.81	56
180	decode	2.00905	1.4597	159.854	177.81	56	177.81	56
181	decode	2.00908	1.44738	158.499	177.81	56	177.81	56
182	decode	2.00912	1.45844	159.705	177.81	56	177.81	56
183	decode	2.00916	1.45231	159.027	177.81	56	177.81	56
184	decode	2.0092	1.45892	159.745	177.81	56	177.81	56
185	decode	2.00923	1.42716	156.261	177.81	56	177.81	56
186	decode	2.00927	1.45552	159.36	178.074	56	178.074	56
187	decode	2.00931	1.44836	158.57	178.074	56	178.074	56
188	decode	2.00935	1.46	159.839	178.074	56	178.074	56
189	decode	2.00939	1.4661	160.501	178.074	56	178.074	56
190	decode	2.00942	1.46077	159.911	178.074	56	178.074	56
191	decode	2.00946	1.45478	159.249	178.074	56	178.074	56
192	decode	2.0095	1.46113	159.939	178.074	56	178.074	56
193	decode	2.00954	1.45325	159.07	178.074	56	178.074	56
194	decode	2.00957	1.45458	159.209	177.98	56	177.98	56
195	decode	2.00961	1.45733	159.504	177.98	56	177.98	56
196	decode	2.00965	1.469	160.775	177.98	56	177.98	56
197	decode	2.00969	0.00289041	0.316331	113.802	3.2375	177.98	56
198	decode	2.00972	1.22338	133.883	98.341	0	98.341	0
199	decode	2.00976	1.36096	148.935	98.341	0	98.341	0
200	decode	2.0098	1.38347	151.392	98.341	0	98.341	0
201	decode	2.00984	1.39548	152.701	100.288	0	100.288	0
202	decode	2.00987	1.39015	152.111	100.288	0	100.288	0
203	decode	2.00991	1.39927	153.103	100.288	0	100.288	0
204	decode	2.00995	1.39223	152.328	100.288	0	100.288	0
205	decode	2.00999	1.39166	152.259	100.288	0	100.288	0
206	decode	2.01003	1.38719	151.765	100.288	0	100.288	0
207	decode	2.01006	1.40683	153.908	100.288	0	100.288	0
208	decode	2.0101	1.39228	152.311	103.92	26.5	107.552	53
209	decode	2.01014	1.39606	152.718	107.552	53	107.552	53
210	decode	2.01018	1.40471	153.658	107.552	53	107.552	53
211	decode	2.01021	1.39224	152.289	107.552	53	107.552	53
212	decode	2.01025	1.39878	152.998	107.552	53	107.552	53
213	decode	2.01029	1.39028	152.063	107.552	53	107.552	53
214	decode	2.01033	1.3937	152.432	107.552	53	107.552	53
215	decode	2.01036	1.39904	153.009	107.552	53	107.552	53
216	decode	2.0104	1.4087	154.06	115.129	53	115.129	53
217	decode	2.01044	1.39086	152.103	115.129	53	115.129	53
218	decode	2.01048	1.39638	152.702	115.129	53	115.129	53
219	decode	2.01051	1.40437	153.57	115.129	53	115.129	53
220	decode	2.01055	1.40085	153.179	115.129	53	115.129	53
221	decode	2.01059	1.39891	152.96	115.129	53	115.129	53
222	decode	2.01063	1.4116	154.343	115.129	53	115.129	53
223	decode	2.01066	1.40107	153.185	115.129	53	115.129	53
224	decode	2.0107	1.39696	152.73	123.067	53	123.067	53
225	decode	2.01074	1.3981	152.849	123.067	53	123.067	53
226	decode	2.01078	1.40307	153.387	123.067	53	123.067	53
227	decode	2.01082	1.39713	152.732	123.067	53	123.067	53
228	decode	2.01085	1.40059	153.105	123.067	53	123.067	53
229	decode	2.01089	1.38847	151.774	123.067	53	123.067	53
230	decode	2.01093	1.39313	152.277	123.067	53	123.067	53
231	decode	2.01097	1.40159	153.196	127.136	53	131.205	53
232	decode	2.011	1.40258	153.298	131.205	53	131.205	53
233	decode	2.01104	1.40384	153.431	131.205	53	131.205	53
234	decode	2.01108	1.40072	153.084	131.205	53	131.205	53
235	decode	2.01112	1.38854	151.747	131.205	53	131.205	53
236	decode	2.01115	1.39761	152.732	131.205	53	131.205	53
237	decode	2.01119	1.40165	153.168	131.205	53	131.205	53
238	decode	2.01123	1.38901	151.781	131.205	53	131.205	53
239	decode	2.01127	1.40011	152.989	139.043	53	139.043	53
240	decode	2.0113	1.40097	153.076	139.043	53	139.043	53
241	decode	2.01134	1.39095	151.976	139.043	53	139.043	53
242	decode	2.01138	1.3925	152.14	139.043	53	139.043	53
243	decode	2.01142	1.39784	152.718	139.043	53	139.043	53
244	decode	2.01145	1.40117	153.075	139.043	53	139.043	53
245	decode	2.01149	1.38884	151.723	139.043	53	139.043	53
246	decode	2.01153	1.39941	152.871	139.043	53	139.043	53
247	decode	2.01157	1.39958	152.884	147.21	53	147.21	53
248	decode	2.0116	1.39191	152.041	147.21	53	147.21	53
249	decode	2.01164	1.40144	153.076	147.21	53	147.21	53
250	decode	2.01168	1.40385	153.333	147.21	53	147.21	53
251	decode	2.01172	1.39881	152.777	147.21	53	147.21	53
252	decode	2.01176	1.39941	152.837	147.21	53	147.21	53
253	decode	2.01179	1.39691	152.559	147.21	53	147.21	53
254	decode	2.01183	1.39444	152.283	147.21	53	147.21	53
