0	prefill	201.403	59.0491	7629.15	110.994	7	110.994	7
1	decode	4	2.95089	325.352	110.994	7	110.994	7
2	decode	4	2.9531	325.583	110.994	7	110.994	7
3	decode	4	2.92926	322.943	110.994	7	110.994	7
4	decode	4	2.92154	322.078	110.994	7	110.994	7
5	decode	4	2.8908	318.678	115.385	7	119.775	7
6	decode	4	2.941	324.199	119.775	7	119.775	7
7	decode	4	2.96304	326.616	119.775	7	119.775	7
8	decode	4	2.95283	325.478	119.775	7	119.775	7
9	decode	4	2.92492	322.391	119.775	7	119.775	7
10	decode	4	2.9544	325.627	119.775	7	119.775	7
11	decode	4	2.9355	323.531	119.775	7	119.775	7
12	decode	4	2.95852	326.056	119.775	7	119.775	7
13	decode	4	2.93213	323.136	119.775	7	119.775	7
14	decode	4	2.9477	324.839	124.565	51	124.565	51
15	decode	4	2.9574	325.896	124.565	51	124.565	51
16	decode	4	2.95335	325.437	124.565	51	124.565	51
17	decode	4	2.94964	325.016	124.565	51	124.565	51
18	decode	4	2.94132	324.087	124.565	51	124.565	51
19	decode	4	2.93951	323.875	124.565	51	124.565	51
20	decode	4	2.95317	325.368	124.565	51	124.565	51
21	decode	4	2.92002	321.704	124.565	51	124.565	51
22	decode	4	2.94763	324.733	128.788	51	128.788	51
23	decode	4	2.94513	324.445	128.788	51	128.788	51
24	decode	4	2.95966	326.034	128.788	51	128.788	51
25	decode	4	2.96739	326.873	128.788	51	128.788	51
26	decode	4	2.94843	324.772	128.788	51	128.788	51
27	decode	4	2.95031	324.966	128.788	51	128.788	51
28	decode	4	2.96795	326.897	128.788	51	128.788	51
29	decode	4	2.95523	325.484	128.788	51	128.788	51
30	decode	4	2.95934	325.925	137.594	55	137.594	55
31	decode	4	2.97412	327.54	137.594	55	137.594	55
32	decode	4	2.94169	323.956	137.594	55	137.594	55
33	decode	4	2.94492	324.3	137.594	55	137.594	55
34	decode	4	2.95683	325.599	137.594	55	137.594	55
35	decode	4	2.96411	326.388	137.594	55	137.594	55
36	decode	4	2.94427	324.191	137.594	55	137.594	55
37	decode	4	2.91264	320.696	141.486	55	145.379	55
38	decode	4	2.96767	326.743	145.379	55	145.379	55
39	decode	4	2.94269	323.981	145.379	55	145.379	55
40	decode	4	2.95038	324.814	145.379	55	145.379	55
41	decode	4	2.94991	324.75	145.379	55	145.379	55
42	decode	4	2.9599	325.838	145.379	55	145.379	55
43	decode	4	2.96283	326.149	145.379	55	145.379	55
44	decode	4	2.97751	327.752	145.379	55	145.379	55
45	decode	4	2.95906	325.708	145.379	55	145.379	55
46	decode	4	2.9581	325.591	154.735	55	154.735	55
47	decode	4	2.97108	327.007	154.735	55	154.735	55
48	decode	4	2.97052	326.933	154.735	55	154.735	55
49	decode	4	2.94988	324.649	154.735	55	154.735	55
50	decode	4	2.95868	325.605	154.735	55	154.735	55
51	decode	4	2.96064	325.808	154.735	55	154.735	55
52	decode	4	2.94024	323.551	154.735	55	154.735	55
53	decode	4	2.92798	322.19	154.735	55	154.735	55
54	decode	4	2.96092	325.802	163.685	55	163.685	55
55	decode	4	2.95655	325.309	163.685	55	163.685	55
56	decode	4	2.96341	326.052	163.685	55	163.685	55
57	decode	4	2.97758	327.598	163.685	55	163.685	55
58	decode	4	2.94286	323.766	163.685	55	163.685	55
59	decode	4	2.94051	323.495	163.685	55	163.685	55
60	decode	4	2.93604	322.991	163.685	55	163.685	55
61	decode	4	2.97061	326.782	163.685	55	163.685	55
62	decode	4	2.95638	325.204	171.637	55	171.637	55
63	decode	4	2.96544	326.189	171.637	55	171.637	55
64	decode	4	2.98755	328.608	171.637	55	171.637	55
65	decode	4	2.96273	325.866	171.637	55	171.637	55
66	decode	4	2.95502	325.005	171.637	55	171.637	55
67	decode	4	2.96508	326.1	171.637	55	171.637	55
68	decode	4	2.97344	327.006	171.637	55	171.637	55
69	decode	4	2.93939	323.249	171.637	55	171.637	55
70	decode	4	2.97856	327.545	178.191	55	178.191	55
71	decode	4	2.9633	325.854	178.191	55	178.191	55
72	decode	4	2.96659	326.204	178.191	55	178.191	55
73	decode	4	2.94871	324.226	178.191	55	178.191	55
74	decode	4	2.96598	326.113	178.191	55	178.191	55
75	decode	4	2.96279	325.749	178.191	55	178.191	55
76	decode	4	2.95124	324.466	178.191	55	178.191	55
77	decode	4	2.96822	326.321	178.191	55	178.191	55
78	decode	4	2.94544	323.805	180.046	55	181.902	55
79	decode	4	2.96232	325.648	181.902	55	181.902	55
80	decode	4	2.97825	327.387	181.902	55	181.902	55
81	decode	4	2.98683	328.317	181.902	55	181.902	55
82	decode	4	2.96156	325.528	181.902	55	181.902	55
83	decode	4	2.97896	327.428	181.902	55	181.902	55
84	decode	4	2.9647	325.848	181.902	55	181.902	55
85	decode	4	2.94743	323.938	181.902	55	181.902	55
86	decode	4	2.96832	326.222	181.902	55	181.902	55
87	decode	4	2.97982	327.473	182.522	55	182.522	55
88	decode	4	2.96771	326.13	182.522	55	182.522	55
89	decode	4	2.9646	325.775	182.522	55	182.522	55
90	decode	4	2.97777	327.21	182.522	55	182.522	55
91	decode	4	2.96136	325.395	182.522	55	182.522	55
92	decode	4	2.93537	322.527	182.522	55	182.522	55
93	decode	4	2.69169	295.741	182.522	55	182.522	55
94	decode	4	2.97659	327.031	182.522	55	182.522	55
95	decode	4	2.95933	325.123	183.294	56	183.294	56
96	decode	4	2.9649	325.722	183.294	56	183.294	56
97	decode	4	2.95639	324.775	183.294	56	183.294	56
98	decode	4	2.9727	326.555	183.294	56	183.294	56
99	decode	4	2.96205	325.372	183.294	56	183.294	56
100	decode	4	2.95986	325.12	183.294	56	183.294	56
101	decode	4	2.92998	321.825	183.294	56	183.294	56
102	decode	4	2.96032	325.145	183.294	56	183.294	56
103	decode	4	2.9678	325.955	184.15	56	184.15	56
104	decode	4	2.96018	325.105	184.15	56	184.15	56
105	decode	4	2.96278	325.379	184.15	56	184.15	56
106	decode	4	2.95886	324.936	184.15	56	184.15	56
107	decode	4	2.97134	326.294	184.15	56	184.15	56
108	decode	4	2.95334	324.306	184.15	56	184.15	56
109	decode	4	2.97428	326.592	184.15	56	184.15	56
110	decode	4	2.94495	323.359	183.647	55.5	184.15	56
111	decode	4	2.97891	327.076	183.143	55	183.143	55
112	decode	4	2.92638	321.296	183.143	55	183.143	55
113	decode	4	2.96852	325.911	183.143	55	183.143	55
114	decode	4	2.95579	324.501	183.143	55	183.143	55
115	decode	4	2.94285	323.068	183.143	55	183.143	55
116	decode	4	2.97535	326.624	183.143	55	183.143	55
117	decode	4	2.95218	324.068	183.143	55	183.143	55
118	decode	4	2.9623	325.167	183.143	55	183.143	55
119	decode	4	2.96365	325.302	183.302	55	183.302	55
120	decode	4	2.97276	326.29	183.302	55	183.302	55
121	decode	4	2.96694	325.638	183.302	55	183.302	55
122	decode	4	2.98135	327.207	183.302	55	183.302	55
123	decode	4	2.96516	325.419	183.302	55	183.302	55
124	decode	4	2.95019	323.763	183.302	55	183.302	55
125	decode	4	2.96987	325.911	183.302	55	183.302	55
126	decode	4	2.96896	325.799	183.302	55	183.302	55
127	decode	4	2.96329	325.164	182.747	55	182.747	55
128	decode	4	2.92936	321.429	182.747	55	182.747	55
129	decode	4	2.96665	325.509	182.747	55	182.747	55
130	decode	4	2.96203	324.989	182.747	55	182.747	55
131	decode	4	2.95674	324.397	182.747	55	182.747	55
132	decode	4	2.95607	324.311	182.747	55	182.747	55
133	decode	4	2.93711	322.218	182.747	55	182.747	55
134	decode	4	2.95644	324.327	182.747	55	182.747	55
135	decode	4	2.96618	325.383	182.089	55	182.089	55
136	decode	4	2.93875	322.362	182.089	55	182.089	55
137	decode	4	2.94654	323.205	182.089	55	182.089	55
138	decode	4	2.94324	322.83	182.089	55	182.089	55
139	decode	4	2.93741	322.179	182.089	55	182.089	55
140	decode	4	2.9541	323.997	182.089	55	182.089	55
141	decode	4	2.98032	326.86	182.089	55	182.089	55
142	decode	4	2.9649	325.157	182.089	55	182.089	55
143	decode	4	2.94675	323.154	182.629	56	182.629	56
144	decode	4	2.78173	305.046	182.629	56	182.629	56
145	decode	4	2.93809	322.18	182.629	56	182.629	56
146	decode	4	2.96233	324.826	182.629	56	182.629	56
147	decode	4	2.96855	325.496	182.629	56	182.629	56
148	decode	4	2.97982	326.72	182.629	56	182.629	56
149	decode	4	2.9172	319.841	182.629	56	182.629	56
150	decode	4	2.95993	324.514	182.629	56	182.629	56
151	decode	4	2.958	324.29	182.383	56	182.383	56
152	decode	4	2.96785	325.357	182.383	56	182.383	56
153	decode	4	2.96392	324.915	182.383	56	182.383	56
154	decode	4	2.97629	326.258	182.383	56	182.383	56
155	decode	4	2.97045	325.605	182.383	56	182.383	56
156	decode	4	2.97176	325.738	182.383	56	182.383	56
157	decode	4	2.97409	325.98	182.383	56	182.383	56
158	decode	4	2.97981	326.595	182.383	56	182.383	56
159	decode	4	2.98787	327.466	182.383	56	182.383	56
160	decode	4	2.76914	303.482	183.128	56	183.128	56
161	decode	4	2.97815	326.376	183.128	56	183.128	56
162	decode	4	2.95309	323.617	183.128	56	183.128	56
163	decode	4	2.97738	326.267	183.128	56	183.128	56
164	decode	4	2.95704	324.025	183.128	56	183.128	56
165	decode	4	2.94464	322.654	183.128	56	183.128	56
166	decode	4	2.95919	324.237	183.128	56	183.128	56
167	decode	4	2.96082	324.403	183.128	56	183.128	56
168	decode	4	2.96907	325.295	181.582	56	181.582	56
169	decode	4	2.95552	323.798	181.582	56	181.582	56
170	decode	4	2.96696	325.039	181.582	56	181.582	56
171	decode	4	2.98113	326.58	181.582	56	181.582	56
172	decode	4	2.97745	326.164	181.582	56	181.582	56
173	decode	4	2.96783	325.098	181.582	56	181.582	56
174	decode	4	2.99274	327.814	181.582	56	181.582	56
175	decode	4	2.97412	325.762	181.582	56	181.582	56
176	decode	4	2.82953	309.914	180.703	56	180.703	56
177	decode	4	2.86174	313.429	180.703	56	180.703	56
178	decode	4	2.97052	325.331	180.703	56	180.703	56
179	decode	4	2.96233	324.422	180.703	56	180.703	56
180	decode	4	2.951	323.17	180.703	56	180.703	56
181	decode	4	2.92886	320.733	180.703	56	180.703	56
182	decode	4	2.93864	321.792	180.703	56	180.703	56
183	decode	4	2.95531	323.605	180.67	56	180.67	56
184	decode	4	2.96978	325.176	180.67	56	180.67	56
185	decode	4	2.98069	326.359	180.67	56	180.67	56
186	decode	4	2.96274	324.381	180.67	56	180.67	56
187	decode	4	2.98458	326.76	180.67	56	180.67	56
188	decode	4	2.96758	324.887	180.67	56	180.67	56
189	decode	4	2.96297	324.37	180.67	56	180.67	56
190	decode	4	2.9707	325.204	180.67	56	180.67	56
191	decode	4	2.95972	323.99	180.61	55.5	180.67	56
192	decode	4	2.96452	324.502	180.55	55	180.55	55
193	decode	4	2.86182	313.249	180.55	55	180.55	55
194	decode	4	2.97749	325.899	180.55	55	180.55	55
195	decode	4	2.94886	322.752	180.55	55	180.55	55
196	decode	4	2.97231	325.307	180.55	55	180.55	55
197	decode	4	0.00583204	0.638268	112.694	5.73913	180.55	55
198	decode	4	2.50382	274.012	98.229	0	98.229	0
199	decode	4	2.76351	302.421	98.229	0	98.229	0
200	decode	4	2.7926	305.592	98.229	0	98.229	0
201	decode	4	2.77523	303.68	98.229	0	98.229	0
202	decode	4	2.81704	308.243	98.229	0	98.229	0
203	decode	4	2.79619	305.951	103.329	0	103.329	0
204	decode	4	2.81244	307.717	103.329	0	103.329	0
205	decode	4	2.79398	305.686	103.329	0	103.329	0
206	decode	4	2.80693	307.091	103.329	0	103.329	0
207	decode	4	2.82208	308.737	103.329	0	103.329	0
208	decode	4	2.79854	306.149	103.329	0	103.329	0
209	decode	4	2.82402	308.926	103.329	0	103.329	0
210	decode	4	2.80428	306.755	103.329	0	103.329	0
211	decode	4	2.81388	307.793	110.639	0	110.639	0
212	decode	4	2.7866	304.798	110.639	0	110.639	0
213	decode	4	2.78043	304.111	110.639	0	110.639	0
214	decode	4	2.79963	306.2	110.639	0	110.639	0
215	decode	4	2.78875	304.999	110.639	0	110.639	0
216	decode	4	2.79084	305.215	110.639	0	110.639	0
217	decode	4	2.79127	305.252	110.639	0	110.639	0
218	decode	4	2.77604	303.575	114.512	26	118.386	52
219	decode	4	2.8085	307.113	118.386	52	118.386	52
220	decode	4	2.81495	307.807	118.386	52	118.386	52
221	decode	4	2.8064	306.859	118.386	52	118.386	52
222	decode	4	2.7792	303.874	118.386	52	118.386	52
223	decode	4	2.80604	306.798	118.386	52	118.386	52
224	decode	4	2.81765	308.055	118.386	52	118.386	52
225	decode	4	2.79671	305.754	118.386	52	118.386	52
226	decode	4	2.808	306.976	126.278	52	126.278	52
227	decode	4	2.8068	306.834	126.278	52	126.278	52
228	decode	4	2.80808	306.963	126.278	52	126.278	52
229	decode	4	2.76179	301.891	126.278	52	126.278	52
230	decode	4	2.7998	306.034	126.278	52	126.278	52
231	decode	4	2.79653	305.666	126.278	52	126.278	52
232	decode	4	2.78929	304.862	126.278	52	126.278	52
233	decode	4	2.81529	307.693	126.278	52	126.278	52
234	decode	4	2.79799	305.791	133.541	53	133.541	53
235	decode	4	2.78854	304.746	133.541	53	133.541	53
236	decode	4	2.7852	304.369	133.541	53	133.541	53
237	decode	4	2.81604	307.728	133.541	53	133.541	53
238	decode	4	2.79953	305.913	133.541	53	133.541	53
239	decode	4	2.79513	305.42	133.541	53	133.541	53
240	decode	4	2.78362	304.151	133.541	53	133.541	53
241	decode	4	2.80782	306.785	142.253	53	142.253	53
242	decode	4	2.78432	304.205	142.253	53	142.253	53
243	decode	4	2.8048	306.431	142.253	53	142.253	53
244	decode	4	2.80624	306.577	142.253	53	142.253	53
245	decode	4	2.78507	304.253	142.253	53	142.253	53
246	decode	4	2.7984	305.697	142.253	53	142.253	53
247	decode	4	2.80594	306.51	142.253	53	142.253	53
248	decode	4	2.81357	307.332	142.253	53	142.253	53
249	decode	4	2.79928	305.759	149.411	52	149.411	52
250	decode	4	2.82055	308.07	149.411	52	149.411	52
251	decode	4	2.81779	307.758	149.411	52	149.411	52
252	decode	4	2.82943	309.017	149.411	52	149.411	52
253	decode	4	2.81229	307.134	149.411	52	149.411	52
254	decode	4	2.80736	306.584	149.411	52	149.411	52
