0	prefill	2334.43	493.535	35270.8	119.067	0	119.067	0
1	decode	31.3802	68.1937	4530.61	119.067	0	119.067	0
2	decode	31.3728	68.4779	4549.33	119.067	0	119.067	0
3	decode	31.3653	68.5468	4553.75	119.067	0	119.067	0
4	decode	31.3578	68.3454	4540.21	119.067	0	119.067	0
5	decode	31.3503	69.4878	4615.94	119.067	0	119.067	0
6	decode	31.3429	70.3072	4670.21	161.932	66	161.932	66
7	decode	31.3354	70.1352	4658.62	161.932	66	161.932	66
8	decode	31.328	70.3804	4674.75	161.932	66	161.932	66
9	decode	31.3205	70.8887	4708.34	161.932	66	161.932	66
10	decode	31.3131	71.1406	4724.91	161.932	66	161.932	66
11	decode	31.3056	71.302	4735.46	161.932	66	161.932	66
12	decode	31.2982	71.419	4743.07	161.932	66	161.932	66
13	decode	31.2908	71.256	4732.08	161.932	66	161.932	66
14	decode	31.2833	71.1844	4727.16	161.932	66	161.932	66
15	decode	31.2759	71.2476	4731.19	161.932	66	161.932	66
16	decode	31.2685	70.3881	4673.95	161.932	66	161.932	66
17	decode	31.2611	71.2375	4730.19	161.932	66	161.932	66
18	decode	31.2536	71.3338	4736.42	161.932	66	161.932	66
19	decode	31.2462	71.3564	4737.76	161.932	66	161.932	66
20	decode	31.2388	71.3608	4737.88	161.932	66	161.932	66
21	decode	31.2314	71.4084	4740.88	187.715	66	187.715	66
22	decode	31.224	71.2066	4727.31	187.715	66	187.715	66
23	decode	31.2166	71.3262	4735.09	187.715	66	187.715	66
24	decode	31.2092	71.3853	4738.85	187.715	66	187.715	66
25	decode	31.2018	71.397	4739.46	187.715	66	187.715	66
26	decode	31.1945	71.3829	4738.36	187.715	66	187.715	66
27	decode	31.1871	71.3703	4737.36	187.715	66	187.715	66
28	decode	31.1797	71.2343	4728.17	187.715	66	187.715	66
29	decode	31.1723	71.2016	4725.83	187.715	66	187.715	66
30	decode	31.165	71.3644	4736.47	187.715	66	187.715	66
31	decode	31.1576	71.3487	4735.27	187.715	66	187.715	66
32	decode	31.1503	70.2028	4659.05	187.715	66	187.715	66
33	decode	31.1429	71.2549	4728.71	187.715	66	187.715	66
34	decode	31.1355	71.0811	4717.02	211.912	90	211.912	90
35	decode	31.1282	71.4558	4741.72	211.912	90	211.912	90
36	decode	31.1209	71.3104	4731.9	211.912	90	211.912	90
37	decode	31.1135	71.2679	4728.91	211.912	90	211.912	90
38	decode	31.1062	71.2487	4727.48	211.912	90	211.912	90
39	decode	31.0989	71.2283	4725.96	211.912	90	211.912	90
40	decode	31.0915	71.354	4734.13	211.912	90	211.912	90
41	decode	31.0842	71.1616	4721.2	211.912	90	211.912	90
42	decode	31.0769	71.1928	4723.11	211.912	90	211.912	90
43	decode	31.0696	71.3006	4730.1	211.912	90	211.912	90
44	decode	31.0623	71.2705	4727.94	211.912	90	211.912	90
45	decode	31.0549	71.2871	4728.87	211.912	90	211.912	90
46	decode	31.0476	71.3099	4730.22	211.912	90	211.912	90
47	decode	31.0403	71.1129	4716.99	211.912	90	211.912	90
48	decode	31.0331	69.5256	4611.54	211.912	90	211.912	90
49	decode	31.0258	70.3252	4664.42	234.738	90	234.738	90
50	decode	31.0185	70.607	4682.95	234.738	90	234.738	90
51	decode	31.0112	70.53	4677.68	234.738	90	234.738	90
52	decode	31.0039	70.6479	4685.34	234.738	90	234.738	90
53	decode	30.9966	70.7323	4690.77	234.738	90	234.738	90
54	decode	30.9894	70.6232	4683.37	234.738	90	234.738	90
55	decode	30.9821	70.5773	4680.16	234.738	90	234.738	90
56	decode	30.9748	70.622	4682.96	234.738	90	234.738	90
57	decode	30.9676	70.2536	4658.37	234.738	90	234.738	90
58	decode	30.9603	70.7641	4692.06	234.738	90	234.738	90
59	decode	30.9531	70.5701	4679.03	234.738	90	234.738	90
60	decode	30.9458	70.2177	4655.51	234.738	90	234.738	90
61	decode	30.9386	70.705	4687.65	234.738	90	234.738	90
62	decode	30.9313	70.6117	4681.3	234.738	90	234.738	90
63	decode	30.9241	70.128	4649.07	234.738	90	234.738	90
64	decode	30.9169	69.5606	4611.3	262.315	90	262.315	90
65	decode	30.9096	70.7413	4689.41	262.315	90	262.315	90
66	decode	30.9024	70.879	4698.37	262.315	90	262.315	90
67	decode	30.8952	70.7257	4688.05	262.315	90	262.315	90
68	decode	30.888	70.7371	4688.64	262.315	90	262.315	90
69	decode	30.8808	70.686	4685.09	262.315	90	262.315	90
70	decode	30.8735	70.5807	4677.95	262.315	90	262.315	90
71	decode	30.8663	70.5794	4677.7	262.315	90	262.315	90
72	decode	30.8591	70.6771	4684.01	262.315	90	262.315	90
73	decode	30.8519	70.681	4684.11	262.315	90	262.315	90
74	decode	30.8447	70.6467	4681.67	262.315	90	262.315	90
75	decode	30.8376	70.7154	4686.06	262.315	90	262.315	90
76	decode	30.8304	70.745	4687.86	262.315	90	262.315	90
77	decode	30.8232	70.6575	4681.9	262.315	90	262.315	90
78	decode	30.816	70.5657	4675.65	262.315	90	262.315	90
79	decode	30.8088	70.727	4686.18	290.394	90	290.394	90
80	decode	30.8017	69.8023	4624.75	290.394	90	290.394	90
81	decode	30.7945	70.7078	4684.58	290.394	90	290.394	90
82	decode	30.7873	70.7527	4687.39	290.394	90	290.394	90
83	decode	30.7802	70.7277	4685.58	290.394	90	290.394	90
84	decode	30.773	70.695	4683.24	290.394	90	290.394	90
85	decode	30.7659	70.4355	4665.89	290.394	90	290.394	90
86	decode	30.7587	70.7842	4688.83	290.394	90	290.394	90
87	decode	30.7516	70.7274	4684.9	290.394	90	290.394	90
88	decode	30.7444	70.1581	4647.04	290.394	90	290.394	90
89	decode	30.7373	70.7247	4684.4	290.394	90	290.394	90
90	decode	30.7302	70.6718	4680.74	290.394	90	290.394	90
91	decode	30.723	70.1696	4647.31	290.394	90	290.394	90
92	decode	30.7159	70.734	4684.53	290.394	90	290.394	90
93	decode	30.7088	70.4723	4667.04	313.905	90	313.905	90
94	decode	30.7017	70.6861	4681.03	313.905	90	313.905	90
95	decode	30.6946	70.7249	4683.44	313.905	90	313.905	90
96	decode	30.6874	69.7554	4619.08	313.905	90	313.905	90
97	decode	30.6803	70.6502	4678.16	313.905	90	313.905	90
98	decode	30.6732	70.8043	4688.2	313.905	90	313.905	90
99	decode	30.6661	70.7874	4686.93	313.905	90	313.905	90
100	decode	30.659	70.7469	4684.08	313.905	90	313.905	90
101	decode	30.6519	70.8691	4692.01	313.905	90	313.905	90
102	decode	30.6449	70.7118	4681.43	313.905	90	313.905	90
103	decode	30.6378	70.8351	4689.43	313.905	90	313.905	90
104	decode	30.6307	70.7943	4686.57	313.905	90	313.905	90
105	decode	30.6236	70.7222	4681.63	313.905	90	313.905	90
106	decode	30.6165	70.8099	4687.28	313.905	90	313.905	90
107	decode	30.6095	70.5388	4669.17	313.905	90	313.905	90
108	decode	30.6024	70.8027	4686.47	341.952	90	341.952	90
109	decode	30.5954	70.7376	4682	341.952	90	341.952	90
110	decode	30.5883	70.6745	4677.66	341.952	90	341.952	90
111	decode	30.5812	70.6919	4678.66	341.952	90	341.952	90
112	decode	30.5742	69.6428	4609.06	341.952	90	341.952	90
113	decode	30.5671	70.1305	4641.18	341.952	90	341.952	90
114	decode	30.5601	70.6479	4675.25	341.952	90	341.952	90
115	decode	30.5531	70.7145	4679.5	341.952	90	341.952	90
116	decode	30.546	70.3339	4654.15	341.952	90	341.952	90
117	decode	30.539	70.6481	4674.78	341.952	90	341.952	90
118	decode	30.532	70.6303	4673.44	341.952	90	341.952	90
119	decode	30.525	70.1494	4641.46	341.952	90	341.952	90
120	decode	30.5179	70.6237	4672.68	341.952	90	341.952	90
121	decode	30.5109	70.5846	4669.93	341.952	90	341.952	90
122	decode	30.5039	70.5707	4668.85	341.952	90	341.952	90
123	decode	30.4969	70.8877	4689.66	369.672	91	369.672	91
124	decode	30.4899	70.7541	4680.66	369.672	91	369.672	91
125	decode	30.4829	70.6765	4675.36	369.672	91	369.672	91
126	decode	30.4759	70.6734	4674.99	369.672	91	369.672	91
127	decode	30.4689	70.648	4673.16	369.672	91	369.672	91
128	decode	30.4619	69.6262	4605.4	369.672	91	369.672	91
129	decode	30.4549	70.5982	4669.53	369.672	91	369.672	91
130	decode	30.4479	70.7098	4676.76	369.672	91	369.672	91
131	decode	30.441	70.6849	4674.95	369.672	91	369.672	91
132	decode	30.434	70.7972	4682.21	369.672	91	369.672	91
133	decode	30.427	70.5676	4666.87	369.672	91	369.672	91
134	decode	30.42	70.758	4679.29	369.672	91	369.672	91
135	decode	30.4131	70.6298	4670.65	369.672	91	369.672	91
136	decode	30.4061	70.5866	4667.63	369.672	91	369.672	91
137	decode	30.3992	70.605	4668.69	390.774	91	390.774	91
138	decode	30.3922	70.6684	4672.72	390.774	91	390.774	91
139	decode	30.3853	70.583	4666.91	390.774	91	390.774	91
140	decode	30.3783	70.6859	4673.55	390.774	91	390.774	91
141	decode	30.3714	70.1791	4639.89	390.774	91	390.774	91
142	decode	30.3644	70.6198	4668.86	390.774	91	390.774	91
143	decode	30.3575	70.63	4669.37	390.774	91	390.774	91
144	decode	30.3506	69.0063	4561.87	390.774	91	390.774	91
145	decode	30.3436	70.522	4661.91	390.774	91	390.774	91
146	decode	30.3367	70.6154	4667.92	390.774	91	390.774	91
147	decode	30.3298	70.5064	4660.55	390.774	91	390.774	91
148	decode	30.3229	70.5188	4661.21	390.774	91	390.774	91
149	decode	30.316	70.6469	4669.51	390.774	91	390.774	91
150	decode	30.309	70.5026	4659.82	390.774	91	390.774	91
151	decode	30.3021	70.3904	4652.24	377.428	91	377.428	91
152	decode	30.2952	70.4013	4652.8	377.428	91	377.428	91
153	decode	30.2883	70.4375	4655.03	377.428	91	377.428	91
154	decode	30.2814	70.2891	4645.07	377.428	91	377.428	91
155	decode	30.2746	70.6052	4665.79	377.428	91	377.428	91
156	decode	30.2677	70.5635	4662.87	377.428	91	377.428	91
157	decode	30.2608	70.615	4666.12	377.428	91	377.428	91
158	decode	30.2539	70.4313	4653.81	377.428	91	377.428	91
159	decode	30.247	70.5599	4662.15	377.428	91	377.428	91
160	decode	30.2401	69.23	4574.12	377.428	91	377.428	91
161	decode	30.2333	70.5282	4659.74	377.428	91	377.428	91
162	decode	30.2264	70.5414	4660.44	377.428	91	377.428	91
163	decode	30.2195	70.1197	4632.42	377.428	91	377.428	91
164	decode	30.2127	70.3931	4650.32	377.428	91	377.428	91
165	decode	30.2058	70.2046	4637.71	379.624	91	379.624	91
166	decode	30.199	70.4344	4652.73	379.624	91	379.624	91
167	decode	30.1921	70.4804	4655.61	379.624	91	379.624	91
168	decode	30.1853	70.4514	4653.53	379.624	91	379.624	91
169	decode	30.1784	70.4987	4656.5	379.624	91	379.624	91
170	decode	30.1716	70.4133	4650.7	379.624	91	379.624	91
171	decode	30.1648	70.5052	4656.6	379.624	91	379.624	91
172	decode	30.1579	70.4509	4652.85	379.624	91	379.624	91
173	decode	30.1511	70.506	4656.33	379.624	91	379.624	91
174	decode	30.1443	70.4188	4650.41	379.624	91	379.624	91
175	decode	30.1375	70.2131	4636.67	379.624	91	379.624	91
176	decode	30.1307	68.8044	4543.49	379.624	91	379.624	91
177	decode	30.1238	69.7595	4606.4	379.624	91	379.624	91
178	decode	30.117	69.9212	4616.91	379.624	91	379.624	91
179	decode	30.1102	69.7831	4607.63	379.624	91	379.624	91
180	decode	30.1034	69.8083	4609.14	380.086	91	380.086	91
181	decode	30.0966	69.8684	4612.95	380.086	91	380.086	91
182	decode	30.0898	69.36	4579.22	380.086	91	380.086	91
183	decode	30.083	69.7973	4607.93	380.086	91	380.086	91
184	decode	30.0763	69.8316	4610.03	380.086	91	380.086	91
185	decode	30.0695	69.9497	4617.67	380.086	91	380.086	91
186	decode	30.0627	69.9673	4618.68	380.086	91	380.086	91
187	decode	30.0559	69.8628	4611.62	380.086	91	380.086	91
188	decode	30.0491	69.9385	4616.46	380.086	91	380.086	91
189	decode	30.0424	69.8658	4611.5	380.086	91	380.086	91
190	decode	30.0356	69.8479	4610.15	380.086	91	380.086	91
191	decode	30.0288	69.7293	4602.17	380.086	91	380.086	91
192	decode	30.0221	68.8171	4541.8	380.086	91	380.086	91
193	decode	30.0153	69.847	4609.62	380.086	91	380.086	91
194	decode	30.0086	69.7622	4603.86	381.126	91	381.126	91
195	decode	30.0018	69.2855	4572.25	381.126	91	381.126	91
196	decode	29.9951	69.8793	4611.27	381.126	91	381.126	91
197	decode	29.9883	69.922	4613.93	381.126	91	381.126	91
198	decode	29.9816	69.7754	4604.1	381.126	91	381.126	91
199	decode	29.9749	69.7658	4603.3	381.126	91	381.126	91
200	decode	29.9681	69.8238	4606.97	381.126	91	381.126	91
201	decode	29.9614	69.7384	4601.18	381.126	91	381.126	91
202	decode	29.9547	69.7839	4604.02	381.126	91	381.126	91
203	decode	29.9479	69.8326	4607.07	381.126	91	381.126	91
204	decode	29.9412	69.6441	4594.48	381.126	91	381.126	91
205	decode	29.9345	69.6176	4592.57	381.126	91	381.126	91
206	decode	29.9278	69.8657	4608.78	381.126	91	381.126	91
207	decode	29.9211	69.7905	4603.66	381.126	91	381.126	91
208	decode	29.9144	68.4952	4518.06	381.126	91	381.126	91
209	decode	29.9077	69.8585	4607.82	382.104	91	382.104	91
210	decode	29.901	69.8021	4603.95	382.104	91	382.104	91
211	decode	29.8943	69.1984	4563.97	382.104	91	382.104	91
212	decode	29.8876	69.7983	4603.38	382.104	91	382.104	91
213	decode	29.8809	69.7407	4599.42	382.104	91	382.104	91
214	decode	29.8742	69.8442	4606.09	382.104	91	382.104	91
215	decode	29.8676	69.7863	4602.11	382.104	91	382.104	91
216	decode	29.8609	69.6805	4594.97	382.104	91	382.104	91
217	decode	29.8542	69.7646	4600.36	382.104	91	382.104	91
218	decode	29.8475	69.8386	4605.08	382.104	91	382.104	91
219	decode	29.8409	69.6949	4595.44	382.104	91	382.104	91
220	decode	29.8342	69.6937	4595.21	382.104	91	382.104	91
221	decode	29.8276	69.804	4602.32	382.104	91	382.104	91
222	decode	29.8209	69.8013	4601.99	382.104	91	382.104	91
223	decode	29.8142	69.6914	4594.58	382.935	91	382.935	91
224	decode	29.8076	68.4968	4515.67	382.935	91	382.935	91
225	decode	29.801	69.7303	4596.83	382.935	91	382.935	91
226	decode	29.7943	69.77	4599.29	382.935	91	382.935	91
227	decode	29.7877	69.6933	4594.07	382.935	91	382.935	91
228	decode	29.781	69.7867	4600.07	382.935	91	382.935	91
229	decode	29.7744	69.3833	4573.32	382.935	91	382.935	91
230	decode	29.7678	69.6953	4593.73	382.935	91	382.935	91
231	decode	29.7612	69.8228	4601.97	382.935	91	382.935	91
232	decode	29.7545	69.6473	4590.24	382.935	91	382.935	91
233	decode	29.7479	69.69	4592.9	382.935	91	382.935	91
234	decode	29.7413	69.9386	4609.12	382.935	91	382.935	91
235	decode	29.7347	69.6032	4586.86	382.935	91	382.935	91
236	decode	29.7281	69.7088	4593.66	382.935	91	382.935	91
237	decode	29.7215	69.329	4568.48	382.935	91	382.935	91
238	decode	29.7149	69.6769	4591.24	383.922	90	383.922	90
239	decode	29.7083	69.664	4590.24	383.922	90	383.922	90
240	decode	29.7017	68.683	4525.44	383.922	90	383.922	90
241	decode	29.6951	69.7166	4593.38	383.922	90	383.922	90
242	decode	29.6885	69.8609	4602.73	383.922	90	383.922	90
243	decode	29.6819	69.7553	4595.61	383.922	90	383.922	90
244	decode	29.6753	69.6619	4589.31	383.922	90	383.922	90
245	decode	29.6688	69.7233	4593.19	383.922	90	383.922	90
246	decode	29.6622	69.706	4591.89	383.922	90	383.922	90
247	decode	29.6556	69.7107	4592.04	383.922	90	383.922	90
248	decode	29.649	69.7362	4593.56	383.922	90	383.922	90
249	decode	29.6425	69.7871	4596.76	383.922	90	383.922	90
250	decode	29.6359	69.4583	4574.94	383.922	90	383.922	90
251	decode	29.6294	69.7333	4592.9	383.922	90	383.922	90
252	decode	29.6228	69.8167	4598.23	383.83	90	383.83	90
253	decode	29.6163	69.6425	4586.6	383.83	90	383.83	90
254	decode	29.6097	69.6539	4587.2	383.83	90	383.83	90
