0	prefill	214.414	183.632	14038.1	113.79	0	113.79	0
1	decode	4.00287	9.40347	663.888	113.79	0	113.79	0
2	decode	4.00292	9.43537	666.121	113.79	0	113.79	0
3	decode	4.00297	9.45921	667.785	113.79	0	113.79	0
4	decode	4.00301	9.42845	665.594	113.79	0	113.79	0
5	decode	4.00306	9.42245	665.152	113.79	0	113.79	0
6	decode	4.00311	9.33606	659.034	113.79	0	113.79	0
7	decode	4.00316	9.41496	664.586	113.79	0	113.79	0
8	decode	4.00321	9.43567	666.029	113.79	0	113.79	0
9	decode	4.00326	9.43692	666.098	113.79	0	113.79	0
10	decode	4.00331	9.35581	660.354	113.79	0	113.79	0
11	decode	4.00335	9.44267	666.466	113.79	0	113.79	0
12	decode	4.0034	9.4548	667.303	113.79	0	113.79	0
13	decode	4.00345	9.42038	664.855	113.79	0	113.79	0
14	decode	4.0035	9.41347	664.349	139.292	45	139.292	45
15	decode	4.00355	9.35822	660.431	139.292	45	139.292	45
16	decode	4.0036	9.43343	665.72	139.292	45	139.292	45
17	decode	4.00365	9.40902	663.978	139.292	45	139.292	45
18	decode	4.00369	9.45234	667.016	139.292	45	139.292	45
19	decode	4.00374	9.42084	664.775	139.292	45	139.292	45
20	decode	4.00379	9.39013	662.589	139.292	45	139.292	45
21	decode	4.00384	9.44933	666.747	139.292	45	139.292	45
22	decode	4.00389	9.33864	658.918	139.292	45	139.292	45
23	decode	4.00394	9.45857	667.361	139.292	45	139.292	45
24	decode	4.00399	9.4717	668.269	139.292	45	139.292	45
25	decode	4.00403	9.37234	661.24	139.292	45	139.292	45
26	decode	4.00408	9.463	667.617	139.292	45	139.292	45
27	decode	4.00413	9.42465	664.893	139.292	45	139.292	45
28	decode	4.00418	9.412	663.981	139.292	45	139.292	45
29	decode	4.00423	9.43945	665.899	139.292	45	139.292	45
30	decode	4.00428	9.3796	661.658	139.292	45	139.292	45
31	decode	4.00432	9.43152	665.302	163.165	45	163.165	45
32	decode	4.00437	9.4244	664.781	163.165	45	163.165	45
33	decode	4.00442	9.44646	666.318	163.165	45	163.165	45
34	decode	4.00447	9.45344	666.792	163.165	45	163.165	45
35	decode	4.00452	9.44686	666.309	163.165	45	163.165	45
36	decode	4.00457	9.4478	666.356	163.165	45	163.165	45
37	decode	4.00462	9.42334	664.612	163.165	45	163.165	45
38	decode	4.00466	9.35031	659.443	163.165	45	163.165	45
39	decode	4.00471	9.45624	666.895	163.165	45	163.165	45
40	decode	4.00476	9.45386	666.708	163.165	45	163.165	45
41	decode	4.00481	9.46677	667.6	163.165	45	163.165	45
42	decode	4.00486	9.45364	666.655	163.165	45	163.165	45
43	decode	4.00491	9.4344	665.279	163.165	45	163.165	45
44	decode	4.00496	9.43507	665.308	163.165	45	163.165	45
45	decode	4.005	9.44966	666.317	163.165	45	163.165	45
46	decode	4.00505	9.43653	665.373	163.165	45	163.165	45
47	decode	4.0051	9.40465	663.106	163.165	45	163.165	45
48	decode	4.00515	9.45493	666.633	184.681	90	184.681	90
49	decode	4.0052	9.41372	663.708	184.681	90	184.681	90
50	decode	4.00525	9.45886	666.872	184.681	90	184.681	90
51	decode	4.00529	9.47561	668.034	184.681	90	184.681	90
52	decode	4.00534	9.43688	665.284	184.681	90	184.681	90
53	decode	4.00539	9.4363	665.225	184.681	90	184.681	90
54	decode	4.00544	9.35245	659.295	184.681	90	184.681	90
55	decode	4.00549	9.42292	664.244	184.681	90	184.681	90
56	decode	4.00554	9.42215	664.171	184.681	90	184.681	90
57	decode	4.00559	9.44648	665.867	184.681	90	184.681	90
58	decode	4.00563	9.46144	666.903	184.681	90	184.681	90
59	decode	4.00568	9.46725	667.293	184.681	90	184.681	90
60	decode	4.00573	9.48142	668.273	184.681	90	184.681	90
61	decode	4.00578	9.45165	666.156	184.681	90	184.681	90
62	decode	4.00583	9.3515	659.079	184.681	90	184.681	90
63	decode	4.00588	9.45757	666.536	184.681	90	184.681	90
64	decode	4.00593	9.45019	665.997	184.681	90	184.681	90
65	decode	4.00597	9.43564	664.953	205.79	90	205.79	90
66	decode	4.00602	9.49388	669.038	205.79	90	205.79	90
67	decode	4.00607	9.33239	657.639	205.79	90	205.79	90
68	decode	4.00612	9.44016	665.215	205.79	90	205.79	90
69	decode	4.00617	9.41875	663.687	205.79	90	205.79	90
70	decode	4.00622	9.30377	655.566	205.79	90	205.79	90
71	decode	4.00626	9.39391	661.899	205.79	90	205.79	90
72	decode	4.00631	9.328	657.237	205.79	90	205.79	90
73	decode	4.00636	9.40504	662.646	205.79	90	205.79	90
74	decode	4.00641	9.38733	661.379	205.79	90	205.79	90
75	decode	4.00646	9.42836	664.251	205.79	90	205.79	90
76	decode	4.00651	9.43314	664.569	205.79	90	205.79	90
77	decode	4.00656	9.33449	657.601	205.79	90	205.79	90
78	decode	4.0066	9.4685	667.023	205.79	90	205.79	90
79	decode	4.00665	9.41328	663.114	205.79	90	205.79	90
80	decode	4.0067	9.4125	663.04	205.79	90	205.79	90
81	decode	4.00675	9.43776	664.801	230.62	91	230.62	91
82	decode	4.0068	9.36502	659.658	230.62	91	230.62	91
83	decode	4.00685	9.42545	663.897	230.62	91	230.62	91
84	decode	4.00689	9.42797	664.055	230.62	91	230.62	91
85	decode	4.00694	9.42526	663.846	230.62	91	230.62	91
86	decode	4.00699	9.33088	657.18	230.62	91	230.62	91
87	decode	4.00704	9.40948	662.697	230.62	91	230.62	91
88	decode	4.00709	9.40691	662.497	230.62	91	230.62	91
89	decode	4.00714	9.39546	661.672	230.62	91	230.62	91
90	decode	4.00718	9.38428	660.866	230.62	91	230.62	91
91	decode	4.00723	9.38525	660.915	230.62	91	230.62	91
92	decode	4.00728	9.39607	661.658	230.62	91	230.62	91
93	decode	4.00733	9.40877	662.534	230.62	91	230.62	91
94	decode	4.00738	9.39845	661.789	230.62	91	230.62	91
95	decode	4.00743	9.40223	662.036	230.62	91	230.62	91
96	decode	4.00748	9.42347	663.513	255.482	91	255.482	91
97	decode	4.00752	9.41826	663.127	255.482	91	255.482	91
98	decode	4.00757	9.40142	661.923	255.482	91	255.482	91
99	decode	4.00762	9.41576	662.914	255.482	91	255.482	91
100	decode	4.00767	9.42022	663.21	255.482	91	255.482	91
101	decode	4.00772	9.39962	661.741	255.482	91	255.482	91
102	decode	4.00777	9.35062	658.272	255.482	91	255.482	91
103	decode	4.00781	9.41753	662.963	255.482	91	255.482	91
104	decode	4.00786	9.39483	661.347	255.482	91	255.482	91
105	decode	4.00791	9.41104	662.469	255.482	91	255.482	91
106	decode	4.00796	9.42471	663.413	255.482	91	255.482	91
107	decode	4.00801	9.3668	659.318	255.482	91	255.482	91
108	decode	4.00806	9.43517	664.111	255.482	91	255.482	91
109	decode	4.0081	9.40184	661.747	255.482	91	255.482	91
110	decode	4.00815	9.39443	661.207	255.482	91	255.482	91
111	decode	4.0082	9.41337	662.521	255.482	91	255.482	91
112	decode	4.00825	9.41137	662.362	255.482	91	255.482	91
113	decode	4.0083	9.42433	663.255	284.075	91	284.075	91
114	decode	4.00835	9.42509	663.29	284.075	91	284.075	91
115	decode	4.0084	9.42648	663.369	284.075	91	284.075	91
116	decode	4.00844	9.40734	662.003	284.075	91	284.075	91
117	decode	4.00849	9.44489	664.627	284.075	91	284.075	91
118	decode	4.00854	9.31075	655.169	284.075	91	284.075	91
119	decode	4.00859	9.3994	661.388	284.075	91	284.075	91
120	decode	4.00864	9.41272	662.307	284.075	91	284.075	91
121	decode	4.00869	9.42815	663.374	284.075	91	284.075	91
122	decode	4.00873	9.39532	661.045	284.075	91	284.075	91
123	decode	4.00878	9.41212	662.208	284.075	91	284.075	91
124	decode	4.00883	9.37618	659.662	284.075	91	284.075	91
125	decode	4.00888	9.40079	661.374	284.075	91	284.075	91
126	decode	4.00893	9.41898	662.635	284.075	91	284.075	91
127	decode	4.00898	9.39331	660.81	284.075	91	284.075	91
128	decode	4.00902	9.37901	659.786	284.075	91	284.075	91
129	decode	4.00907	9.41382	662.216	284.075	91	284.075	91
130	decode	4.00912	9.39994	661.221	309.637	91	309.637	91
131	decode	4.00917	9.38976	660.486	309.637	91	309.637	91
132	decode	4.00922	9.43024	663.315	309.637	91	309.637	91
133	decode	4.00927	9.41382	662.141	309.637	91	309.637	91
134	decode	4.00931	9.24751	650.425	309.637	91	309.637	91
135	decode	4.00936	9.44356	664.195	309.637	91	309.637	91
136	decode	4.00941	9.42415	662.812	309.637	91	309.637	91
137	decode	4.00946	9.39939	661.052	309.637	91	309.637	91
138	decode	4.00951	9.42287	662.684	309.637	91	309.637	91
139	decode	4.00956	9.32304	655.645	309.637	91	309.637	91
140	decode	4.0096	9.40865	661.646	309.637	91	309.637	91
141	decode	4.00965	9.442	663.974	309.637	91	309.637	91
142	decode	4.0097	9.41597	662.124	309.637	91	309.637	91
143	decode	4.00975	9.42336	662.625	309.637	91	309.637	91
144	decode	4.0098	9.33571	656.443	309.637	91	309.637	91
145	decode	4.00985	9.41052	661.685	309.637	91	309.637	91
146	decode	4.00989	9.41005	661.633	309.637	91	309.637	91
147	decode	4.00994	9.44295	663.927	330.249	91	330.249	91
148	decode	4.00999	9.4066	661.353	330.249	91	330.249	91
149	decode	4.01004	9.35151	657.462	330.249	91	330.249	91
150	decode	4.01009	9.32658	655.69	330.249	91	330.249	91
151	decode	4.01014	9.4256	662.633	330.249	91	330.249	91
152	decode	4.01018	9.42379	662.487	330.249	91	330.249	91
153	decode	4.01023	9.3884	659.981	330.249	91	330.249	91
154	decode	4.01028	9.30909	654.387	330.249	91	330.249	91
155	decode	4.01033	9.39311	660.275	330.249	91	330.249	91
156	decode	4.01038	9.40299	660.95	330.249	91	330.249	91
157	decode	4.01043	9.41003	661.427	330.249	91	330.249	91
158	decode	4.01047	9.42072	662.159	330.249	91	330.249	91
159	decode	4.01052	9.3743	658.878	330.249	91	330.249	91
160	decode	4.01057	9.42292	662.276	330.249	91	330.249	91
161	decode	4.01062	9.43084	662.814	330.249	91	330.249	91
162	decode	4.01067	9.43254	662.915	330.249	91	330.249	91
163	decode	4.01072	9.4158	661.72	352.226	91	352.226	91
164	decode	4.01076	9.31745	654.789	352.226	91	352.226	91
165	decode	4.01081	9.42764	662.514	352.226	91	352.226	91
166	decode	4.01086	9.31483	654.569	352.226	91	352.226	91
167	decode	4.01091	9.3927	660.022	352.226	91	352.226	91
168	decode	4.01096	9.44174	663.449	352.226	91	352.226	91
169	decode	4.01101	9.29434	653.073	352.226	91	352.226	91
170	decode	4.01105	9.40316	660.701	352.226	91	352.226	91
171	decode	4.0111	9.40958	661.133	352.226	91	352.226	91
172	decode	4.01115	9.40485	660.783	352.226	91	352.226	91
173	decode	4.0112	9.43777	663.077	352.226	91	352.226	91
174	decode	4.01125	9.35626	657.332	352.226	91	352.226	91
175	decode	4.0113	9.41209	661.235	352.226	91	352.226	91
176	decode	4.01134	9.41674	661.544	352.226	91	352.226	91
177	decode	4.01139	9.43806	663.023	352.226	91	352.226	91
178	decode	4.01144	9.43979	663.125	352.226	91	352.226	91
179	decode	4.01149	9.35643	657.251	352.226	91	352.226	91
180	decode	4.01154	9.44729	663.614	352.156	90	352.156	90
181	decode	4.01159	9.40917	660.918	352.156	90	352.156	90
182	decode	4.01163	9.31317	654.156	352.156	90	352.156	90
183	decode	4.01168	9.43667	662.813	352.156	90	352.156	90
184	decode	4.01173	9.35961	657.382	352.156	90	352.156	90
185	decode	4.01178	9.41602	661.325	352.156	90	352.156	90
186	decode	4.01183	9.43386	662.559	352.156	90	352.156	90
187	decode	4.01188	9.40351	660.409	352.156	90	352.156	90
188	decode	4.01192	9.41723	661.354	352.156	90	352.156	90
189	decode	4.01197	9.46187	664.47	352.156	90	352.156	90
190	decode	4.01202	9.41058	660.849	352.156	90	352.156	90
191	decode	4.01207	9.432	662.336	352.156	90	352.156	90
192	decode	4.01212	9.45169	663.699	352.156	90	352.156	90
193	decode	4.01216	9.42249	661.63	352.156	90	352.156	90
194	decode	4.01221	9.42776	661.981	352.156	90	352.156	90
195	decode	4.01226	9.44715	663.324	352.156	90	352.156	90
196	decode	4.01231	9.41947	661.362	352.156	90	352.156	90
197	decode	4.01236	9.37887	658.493	352.574	90	352.574	90
198	decode	4.01241	9.28421	651.828	352.574	90	352.574	90
199	decode	4.01245	9.36131	657.223	352.574	90	352.574	90
200	decode	4.0125	9.36472	657.444	352.574	90	352.574	90
201	decode	4.01255	9.37818	658.371	352.574	90	352.574	90
202	decode	4.0126	9.38135	658.574	352.574	90	352.574	90
203	decode	4.01265	9.3901	659.17	352.574	90	352.574	90
204	decode	4.0127	9.4068	660.324	352.574	90	352.574	90
205	decode	4.01274	9.39235	659.291	352.574	90	352.574	90
206	decode	4.01279	9.37537	658.08	352.574	90	352.574	90
207	decode	4.01284	9.38105	658.461	352.574	90	352.574	90
208	decode	4.01289	9.37103	657.738	352.574	90	352.574	90
209	decode	4.01294	9.39154	659.159	352.574	90	352.574	90
210	decode	4.01299	9.36948	657.592	352.574	90	352.574	90
211	decode	4.01303	9.33281	655.001	352.574	90	352.574	90
212	decode	4.01308	9.36511	657.249	352.5	90	352.5	90
213	decode	4.01313	9.37691	658.059	352.5	90	352.5	90
214	decode	4.01318	9.23326	647.96	352.5	90	352.5	90
215	decode	4.01323	9.35377	656.398	352.5	90	352.5	90
216	decode	4.01327	9.38879	658.837	352.5	90	352.5	90
217	decode	4.01332	9.36409	657.085	352.5	90	352.5	90
218	decode	4.01337	9.37243	657.652	352.5	90	352.5	90
219	decode	4.01342	9.30605	652.975	352.5	90	352.5	90
220	decode	4.01347	9.3658	657.149	352.5	90	352.5	90
221	decode	4.01352	9.11214	639.334	352.5	90	352.5	90
222	decode	4.01356	9.3756	657.8	352.5	90	352.5	90
223	decode	4.01361	9.37642	657.839	352.5	90	352.5	90
224	decode	4.01366	9.2824	651.225	352.5	90	352.5	90
225	decode	4.01371	9.40195	659.593	352.5	90	352.5	90
226	decode	4.01376	9.35725	656.439	352.5	90	352.5	90
227	decode	4.01381	9.37247	657.487	352.5	90	352.5	90
228	decode	4.01385	9.38694	658.484	352.141	90	352.141	90
229	decode	4.0139	9.29274	651.858	352.141	90	352.141	90
230	decode	4.01395	9.30462	652.673	352.141	90	352.141	90
231	decode	4.014	9.39722	659.15	352.141	90	352.141	90
232	decode	4.01405	9.38278	658.118	352.141	90	352.141	90
233	decode	4.01409	9.38368	658.163	352.141	90	352.141	90
234	decode	4.01414	9.26999	650.17	352.141	90	352.141	90
235	decode	4.01419	9.34982	655.751	352.141	90	352.141	90
236	decode	4.01424	9.37326	657.376	352.141	90	352.141	90
237	decode	4.01429	9.3831	658.048	352.141	90	352.141	90
238	decode	4.01434	9.37198	657.25	352.141	90	352.141	90
239	decode	4.01438	9.26662	649.843	352.141	90	352.141	90
240	decode	4.01443	9.42067	660.627	352.141	90	352.141	90
241	decode	4.01448	9.4062	659.594	352.141	90	352.141	90
242	decode	4.01453	9.39285	658.639	352.141	90	352.141	90
243	decode	4.01458	9.40439	659.43	352.141	90	352.141	90
244	decode	4.01462	9.28325	650.917	352.141	90	352.141	90
245	decode	4.01467	9.37203	657.124	352.31	90	352.31	90
246	decode	4.01472	9.29489	651.697	352.31	90	352.31	90
247	decode	4.01477	9.35353	655.79	352.31	90	352.31	90
248	decode	4.01482	9.386	658.048	352.31	90	352.31	90
249	decode	4.01487	9.3266	653.865	352.31	90	352.31	90
250	decode	4.01491	9.39256	658.47	352.31	90	352.31	90
251	decode	4.01496	9.3802	657.586	352.31	90	352.31	90
252	decode	4.01501	9.26694	649.628	352.31	90	352.31	90
253	decode	4.01506	9.37264	657.019	352.31	90	352.31	90
254	decode	4.01511	9.38471	657.846	352.31	90	352.31	90
