0	prefill	428.426	243.591	18621.8	112.064	3.5	117.781	7
1	decode	7.99809	18.7044	1320.54	117.781	7	117.781	7
2	decode	7.99806	18.7104	1320.92	117.781	7	117.781	7
3	decode	7.99802	18.7499	1323.67	117.781	7	117.781	7
4	decode	7.99799	18.7785	1325.65	117.781	7	117.781	7
5	decode	7.99796	18.764	1324.6	117.781	7	117.781	7
6	decode	7.99793	18.5569	1309.94	117.781	7	117.781	7
7	decode	7.9979	18.7588	1324.15	117.781	7	117.781	7
8	decode	7.99786	18.8318	1329.26	117.781	7	117.781	7
9	decode	7.99783	18.7813	1325.66	117.781	7	117.781	7
10	decode	7.9978	18.8213	1328.45	117.781	7	117.781	7
11	decode	7.99777	18.7903	1326.22	117.781	7	117.781	7
12	decode	7.99773	18.7911	1326.24	117.781	7	117.781	7
13	decode	7.9977	18.7188	1321.1	117.781	7	117.781	7
14	decode	7.99767	18.7788	1325.3	117.781	7	117.781	7
15	decode	7.99764	18.7745	1324.96	117.781	7	117.781	7
16	decode	7.99761	18.7825	1325.48	146.97	7	146.97	7
17	decode	7.99757	18.718	1320.9	146.97	7	146.97	7
18	decode	7.99754	18.7852	1325.6	146.97	7	146.97	7
19	decode	7.99751	18.7337	1321.93	146.97	7	146.97	7
20	decode	7.99748	18.7976	1326.4	146.97	7	146.97	7
21	decode	7.99744	18.765	1324.07	146.97	7	146.97	7
22	decode	7.99741	18.5995	1312.35	146.97	7	146.97	7
23	decode	7.99738	18.7651	1324	146.97	7	146.97	7
24	decode	7.99735	18.7967	1326.19	146.97	7	146.97	7
25	decode	7.99731	18.7719	1324.4	146.97	7	146.97	7
26	decode	7.99728	18.7958	1326.05	146.97	7	146.97	7
27	decode	7.99725	18.7686	1324.09	146.97	7	146.97	7
28	decode	7.99722	18.7907	1325.61	146.97	7	146.97	7
29	decode	7.99719	18.8179	1327.5	146.97	7	146.97	7
30	decode	7.99715	18.815	1327.26	146.97	7	146.97	7
31	decode	7.99712	18.8084	1326.75	146.97	7	146.97	7
32	decode	7.99709	18.7599	1323.29	146.97	7	146.97	7
33	decode	7.99706	18.7565	1323.01	172.71	90	172.71	90
34	decode	7.99702	18.7645	1323.54	172.71	90	172.71	90
35	decode	7.99699	18.8105	1326.75	172.71	90	172.71	90
36	decode	7.99696	18.7783	1324.44	172.71	90	172.71	90
37	decode	7.99693	18.7391	1321.64	172.71	90	172.71	90
38	decode	7.9969	18.5907	1311.14	172.71	90	172.71	90
39	decode	7.99686	18.7524	1322.5	172.71	90	172.71	90
40	decode	7.99683	18.7717	1323.82	172.71	90	172.71	90
41	decode	7.9968	18.7907	1325.13	172.71	90	172.71	90
42	decode	7.99677	18.7227	1320.3	172.71	90	172.71	90
43	decode	7.99673	18.782	1324.44	172.71	90	172.71	90
44	decode	7.9967	18.8131	1326.59	172.71	90	172.71	90
45	decode	7.99667	18.7625	1322.99	172.71	90	172.71	90
46	decode	7.99664	18.7918	1325.01	172.71	90	172.71	90
47	decode	7.99661	18.7734	1323.68	172.71	90	172.71	90
48	decode	7.99657	18.7253	1320.26	172.71	90	172.71	90
49	decode	7.99654	18.818	1326.75	194.631	90	194.631	90
50	decode	7.99651	18.7538	1322.19	194.631	90	194.631	90
51	decode	7.99648	18.7797	1323.97	194.631	90	194.631	90
52	decode	7.99644	18.7323	1320.6	194.631	90	194.631	90
53	decode	7.99641	18.7564	1322.26	194.631	90	194.631	90
54	decode	7.99638	18.5964	1310.94	194.631	90	194.631	90
55	decode	7.99635	18.7692	1323.08	194.631	90	194.631	90
56	decode	7.99632	18.7826	1323.99	194.631	90	194.631	90
57	decode	7.99628	18.7544	1321.97	194.631	90	194.631	90
58	decode	7.99625	18.8027	1325.33	194.631	90	194.631	90
59	decode	7.99622	18.7702	1323.01	194.631	90	194.631	90
60	decode	7.99619	18.7668	1322.73	194.631	90	194.631	90
61	decode	7.99615	18.7492	1321.45	194.631	90	194.631	90
62	decode	7.99612	18.7697	1322.86	194.631	90	194.631	90
63	decode	7.99609	18.7908	1324.31	194.631	90	194.631	90
64	decode	7.99606	18.8097	1325.6	213.937	90	213.937	90
65	decode	7.99603	18.7983	1324.77	213.937	90	213.937	90
66	decode	7.99599	18.7542	1321.62	213.937	90	213.937	90
67	decode	7.99596	18.7684	1322.58	213.937	90	213.937	90
68	decode	7.99593	18.7473	1321.06	213.937	90	213.937	90
69	decode	7.9959	18.791	1324.1	213.937	90	213.937	90
70	decode	7.99586	18.4621	1300.88	213.937	90	213.937	90
71	decode	7.99583	18.7046	1317.93	213.937	90	213.937	90
72	decode	7.9958	18.7026	1317.76	213.937	90	213.937	90
73	decode	7.99577	18.7348	1319.99	213.937	90	213.937	90
74	decode	7.99574	18.688	1316.65	213.937	90	213.937	90
75	decode	7.9957	18.7406	1320.32	213.937	90	213.937	90
76	decode	7.99567	18.7557	1321.35	213.937	90	213.937	90
77	decode	7.99564	18.7025	1317.57	213.937	90	213.937	90
78	decode	7.99561	18.7185	1318.65	213.937	90	213.937	90
79	decode	7.99558	18.7398	1320.12	213.937	90	213.937	90
80	decode	7.99554	18.71	1317.98	213.937	90	213.937	90
81	decode	7.99551	18.699	1317.17	241.781	90	241.781	90
82	decode	7.99548	18.6579	1314.23	241.781	90	241.781	90
83	decode	7.99545	18.7206	1318.61	241.781	90	241.781	90
84	decode	7.99541	18.7225	1318.71	241.781	90	241.781	90
85	decode	7.99538	18.7258	1318.91	241.781	90	241.781	90
86	decode	7.99535	18.4882	1302.14	241.781	90	241.781	90
87	decode	7.99532	18.739	1319.76	241.781	90	241.781	90
88	decode	7.99529	18.7275	1318.91	241.781	90	241.781	90
89	decode	7.99525	18.7317	1319.17	241.781	90	241.781	90
90	decode	7.99522	18.6862	1315.93	241.781	90	241.781	90
91	decode	7.99519	18.6611	1314.13	241.781	90	241.781	90
92	decode	7.99516	18.6644	1314.32	241.781	90	241.781	90
93	decode	7.99513	18.7053	1317.16	241.781	90	241.781	90
94	decode	7.99509	18.6817	1315.47	241.781	90	241.781	90
95	decode	7.99506	18.6298	1311.77	241.781	90	241.781	90
96	decode	7.99503	18.7187	1318	241.781	90	241.781	90
97	decode	7.995	18.653	1313.34	241.781	90	241.781	90
98	decode	7.99496	18.7298	1318.71	267.257	90	267.257	90
99	decode	7.99493	18.7498	1320.07	267.257	90	267.257	90
100	decode	7.9949	18.6433	1312.54	267.257	90	267.257	90
101	decode	7.99487	18.5903	1308.77	267.257	90	267.257	90
102	decode	7.99484	18.4481	1298.72	267.257	90	267.257	90
103	decode	7.9948	18.6838	1315.28	267.257	90	267.257	90
104	decode	7.99477	18.7167	1317.56	267.257	90	267.257	90
105	decode	7.99474	18.5894	1308.56	267.257	90	267.257	90
106	decode	7.99471	18.6779	1314.75	267.257	90	267.257	90
107	decode	7.99468	18.6994	1316.23	267.257	90	267.257	90
108	decode	7.99464	18.6975	1316.05	267.257	90	267.257	90
109	decode	7.99461	18.6578	1313.22	267.257	90	267.257	90
110	decode	7.99458	18.5685	1306.9	267.257	90	267.257	90
111	decode	7.99455	18.6903	1315.44	267.257	90	267.257	90
112	decode	7.99452	18.7137	1317.05	267.257	90	267.257	90
113	decode	7.99448	18.6703	1313.96	267.257	90	267.257	90
114	decode	7.99445	18.6379	1311.64	292.915	90	292.915	90
115	decode	7.99442	18.5956	1308.63	292.915	90	292.915	90
116	decode	7.99439	18.712	1316.78	292.915	90	292.915	90
117	decode	7.99435	18.7353	1318.38	292.915	90	292.915	90
118	decode	7.99432	18.53	1303.9	292.915	90	292.915	90
119	decode	7.99429	18.6655	1313.4	292.915	90	292.915	90
120	decode	7.99426	18.6824	1314.55	292.915	90	292.915	90
121	decode	7.99423	18.7452	1318.93	292.915	90	292.915	90
122	decode	7.99419	18.6748	1313.94	292.915	90	292.915	90
123	decode	7.99416	18.6788	1314.19	292.915	90	292.915	90
124	decode	7.99413	18.6783	1314.11	292.915	90	292.915	90
125	decode	7.9941	18.7154	1316.69	292.915	90	292.915	90
126	decode	7.99407	18.7138	1316.54	292.915	90	292.915	90
127	decode	7.99403	18.6992	1315.47	292.915	90	292.915	90
128	decode	7.994	18.7136	1316.45	292.915	90	292.915	90
129	decode	7.99397	18.7424	1318.44	292.915	90	292.915	90
130	decode	7.99394	18.6929	1314.92	292.915	90	292.915	90
131	decode	7.99391	18.6663	1313.01	318.479	90	318.479	90
132	decode	7.99387	18.6548	1312.16	318.479	90	318.479	90
133	decode	7.99384	18.6609	1312.56	318.479	90	318.479	90
134	decode	7.99381	18.4818	1299.92	318.479	90	318.479	90
135	decode	7.99378	18.6915	1314.63	318.479	90	318.479	90
136	decode	7.99375	18.7565	1319.17	318.479	90	318.479	90
137	decode	7.99371	18.7272	1317.07	318.479	90	318.479	90
138	decode	7.99368	18.7102	1315.83	318.479	90	318.479	90
139	decode	7.99365	18.7555	1318.99	318.479	90	318.479	90
140	decode	7.99362	18.7146	1316.07	318.479	90	318.479	90
141	decode	7.99359	18.7082	1315.58	318.479	90	318.479	90
142	decode	7.99355	18.7487	1318.39	318.479	90	318.479	90
143	decode	7.99352	18.7282	1316.91	318.479	90	318.479	90
144	decode	7.99349	18.7646	1319.44	318.479	90	318.479	90
145	decode	7.99346	18.7644	1319.39	318.479	90	318.479	90
146	decode	7.99343	18.7337	1317.19	318.479	90	318.479	90
147	decode	7.99339	18.7391	1317.53	344.101	90	344.101	90
148	decode	7.99336	18.741	1317.63	344.101	90	344.101	90
149	decode	7.99333	18.7378	1317.37	344.101	90	344.101	90
150	decode	7.9933	18.5059	1301.03	344.101	90	344.101	90
151	decode	7.99327	18.7309	1316.81	344.101	90	344.101	90
152	decode	7.99323	18.7412	1317.49	344.101	90	344.101	90
153	decode	7.9932	18.6644	1312.06	344.101	90	344.101	90
154	decode	7.99317	18.7613	1318.84	344.101	90	344.101	90
155	decode	7.99314	18.713	1315.4	344.101	90	344.101	90
156	decode	7.99311	18.6951	1314.1	344.101	90	344.101	90
157	decode	7.99307	18.7349	1316.87	344.101	90	344.101	90
158	decode	7.99304	18.6481	1310.73	344.101	90	344.101	90
159	decode	7.99301	18.6914	1313.74	344.101	90	344.101	90
160	decode	7.99298	18.7051	1314.66	344.101	90	344.101	90
161	decode	7.99295	18.6793	1312.81	344.101	90	344.101	90
162	decode	7.99291	18.7115	1315.04	344.101	90	344.101	90
163	decode	7.99288	18.6194	1308.53	344.101	90	344.101	90
164	decode	7.99285	18.7367	1316.73	358.318	91	358.318	91
165	decode	7.99282	18.7599	1318.33	358.318	91	358.318	91
166	decode	7.99279	18.5846	1305.97	358.318	91	358.318	91
167	decode	7.99275	18.767	1318.75	358.318	91	358.318	91
168	decode	7.99272	18.5944	1306.58	358.318	91	358.318	91
169	decode	7.99269	18.7366	1316.54	358.318	91	358.318	91
170	decode	7.99266	18.6407	1309.77	358.318	91	358.318	91
171	decode	7.99263	18.7426	1316.89	358.318	91	358.318	91
172	decode	7.99259	18.7035	1314.11	358.318	91	358.318	91
173	decode	7.99256	18.5788	1305.31	358.318	91	358.318	91
174	decode	7.99253	18.723	1315.4	358.318	91	358.318	91
175	decode	7.9925	18.7318	1315.98	358.318	91	358.318	91
176	decode	7.99247	18.753	1317.43	358.318	91	358.318	91
177	decode	7.99243	18.7506	1317.23	358.318	91	358.318	91
178	decode	7.9924	18.5985	1306.5	358.318	91	358.318	91
179	decode	7.99237	18.7159	1314.72	358.318	91	358.318	91
180	decode	7.99234	18.7159	1314.68	358.318	91	358.318	91
181	decode	7.99231	18.7452	1316.7	354.741	91	354.741	91
182	decode	7.99227	18.5503	1302.97	354.741	91	354.741	91
183	decode	7.99224	18.7164	1314.6	354.741	91	354.741	91
184	decode	7.99221	18.7408	1316.28	354.741	91	354.741	91
185	decode	7.99218	18.7234	1315.02	354.741	91	354.741	91
186	decode	7.99215	18.7511	1316.93	354.741	91	354.741	91
187	decode	7.99211	18.7834	1319.16	354.741	91	354.741	91
188	decode	7.99208	18.7194	1314.63	354.741	91	354.741	91
189	decode	7.99205	18.8189	1321.58	354.741	91	354.741	91
190	decode	7.99202	18.7649	1317.75	354.741	91	354.741	91
191	decode	7.99199	18.7233	1314.79	354.741	91	354.741	91
192	decode	7.99195	18.7006	1313.16	354.741	91	354.741	91
193	decode	7.99192	18.7903	1319.42	354.741	91	354.741	91
194	decode	7.99189	18.7478	1316.4	354.741	91	354.741	91
195	decode	7.99186	18.7733	1318.15	354.741	91	354.741	91
196	decode	7.99183	18.6933	1312.5	354.741	91	354.741	91
197	decode	7.9918	18.7733	1318.08	355.126	91	355.126	91
198	decode	7.99176	18.4444	1294.95	355.126	91	355.126	91
199	decode	7.99173	18.7007	1312.91	355.126	91	355.126	91
200	decode	7.9917	18.624	1307.48	355.126	91	355.126	91
201	decode	7.99167	18.6347	1308.2	355.126	91	355.126	91
202	decode	7.99164	18.6414	1308.64	355.126	91	355.126	91
203	decode	7.9916	18.6311	1307.87	355.126	91	355.126	91
204	decode	7.99157	18.6359	1308.17	355.126	91	355.126	91
205	decode	7.99154	18.6936	1312.19	355.126	91	355.126	91
206	decode	7.99151	18.6354	1308.06	355.126	91	355.126	91
207	decode	7.99148	18.6247	1307.28	355.126	91	355.126	91
208	decode	7.99144	18.6033	1305.74	355.126	91	355.126	91
209	decode	7.99141	18.6436	1308.53	355.126	91	355.126	91
210	decode	7.99138	18.4487	1294.82	355.126	91	355.126	91
211	decode	7.99135	18.3802	1289.97	355.126	91	355.126	91
212	decode	7.99132	18.687	1311.46	355.126	91	355.126	91
213	decode	7.99128	18.6656	1309.93	355.126	91	355.126	91
214	decode	7.99125	18.5041	1298.56	354.91	91	354.91	91
215	decode	7.99122	18.7151	1313.33	354.91	91	354.91	91
216	decode	7.99119	18.4927	1297.68	354.91	91	354.91	91
217	decode	7.99116	18.6524	1308.85	354.91	91	354.91	91
218	decode	7.99113	18.7007	1312.2	354.91	91	354.91	91
219	decode	7.99109	18.7078	1312.67	354.91	91	354.91	91
220	decode	7.99106	18.7097	1312.76	354.91	91	354.91	91
221	decode	7.99103	18.7118	1312.88	354.91	91	354.91	91
222	decode	7.991	18.6969	1311.79	354.91	91	354.91	91
223	decode	7.99097	18.7309	1314.14	354.91	91	354.91	91
224	decode	7.99093	18.6508	1308.48	354.91	91	354.91	91
225	decode	7.9909	18.7092	1312.54	354.91	91	354.91	91
226	decode	7.99087	18.6984	1311.75	354.91	91	354.91	91
227	decode	7.99084	18.6602	1309.03	354.91	91	354.91	91
228	decode	7.99081	18.6614	1309.08	355.503	90	355.503	90
229	decode	7.99077	18.651	1308.31	355.503	90	355.503	90
230	decode	7.99074	18.528	1299.65	355.503	90	355.503	90
231	decode	7.99071	18.6164	1305.81	355.503	90	355.503	90
232	decode	7.99068	18.6374	1307.24	355.503	90	355.503	90
233	decode	7.99065	18.6849	1310.54	355.503	90	355.503	90
234	decode	7.99062	18.6511	1308.14	355.503	90	355.503	90
235	decode	7.99058	18.649	1307.95	355.503	90	355.503	90
236	decode	7.99055	18.6776	1309.92	355.503	90	355.503	90
237	decode	7.99052	18.7202	1312.87	355.503	90	355.503	90
238	decode	7.99049	18.7174	1312.64	355.503	90	355.503	90
239	decode	7.99046	18.5916	1303.78	355.503	90	355.503	90
240	decode	7.99042	18.6551	1308.2	355.503	90	355.503	90
241	decode	7.99039	18.6979	1311.16	355.503	90	355.503	90
242	decode	7.99036	18.7086	1311.87	355.503	90	355.503	90
243	decode	7.99033	18.6997	1311.21	355.503	90	355.503	90
244	decode	7.9903	18.5731	1302.3	355.503	90	355.503	90
245	decode	7.99027	18.6656	1308.75	355.795	90	355.795	90
246	decode	7.99023	18.4558	1294	355.795	90	355.795	90
247	decode	7.9902	18.6551	1307.94	355.795	90	355.795	90
248	decode	7.99017	18.6594	1308.2	355.795	90	355.795	90
249	decode	7.99014	18.4768	1295.36	355.795	90	355.795	90
250	decode	7.99011	18.6492	1307.41	355.795	90	355.795	90
251	decode	7.99007	18.6572	1307.94	355.795	90	355.795	90
252	decode	7.99004	18.6722	1308.95	355.795	90	355.795	90
253	decode	7.99001	18.6801	1309.47	355.795	90	355.795	90
254	decode	7.98998	18.7133	1311.76	355.795	90	355.795	90
