0	prefill	53.6414	60.6551	4636.88	121.121	0	121.121	0
1	decode	1.00144	2.36963	167.296	121.121	0	121.121	0
2	decode	1.00146	2.36499	166.964	121.121	0	121.121	0
3	decode	1.00148	2.37611	167.744	121.121	0	121.121	0
4	decode	1.00151	2.37013	167.317	121.121	0	121.121	0
5	decode	1.00153	2.36942	167.263	121.121	0	121.121	0
6	decode	1.00156	2.35142	165.987	121.121	0	121.121	0
7	decode	1.00158	2.38022	168.016	121.121	0	121.121	0
8	decode	1.00161	2.37107	167.365	121.121	0	121.121	0
9	decode	1.00163	2.35538	166.253	121.121	0	121.121	0
10	decode	1.00165	2.37022	167.296	121.121	0	121.121	0
11	decode	1.00168	2.37304	167.49	121.121	0	121.121	0
12	decode	1.0017	2.37108	167.347	121.121	0	121.121	0
13	decode	1.00173	2.37189	167.399	121.121	0	121.121	0
14	decode	1.00175	2.3561	166.28	121.121	0	121.121	0
15	decode	1.00178	2.36873	167.166	121.121	0	121.121	0
16	decode	1.0018	2.37166	167.368	121.121	0	121.121	0
17	decode	1.00182	2.37632	167.692	145.783	69	145.783	69
18	decode	1.00185	2.37119	167.326	145.783	69	145.783	69
19	decode	1.00187	2.37388	167.511	145.783	69	145.783	69
20	decode	1.0019	2.36687	167.012	145.783	69	145.783	69
21	decode	1.00192	2.36994	167.224	145.783	69	145.783	69
22	decode	1.00195	2.34902	165.742	145.783	69	145.783	69
23	decode	1.00197	2.36939	167.176	145.783	69	145.783	69
24	decode	1.00199	2.3782	167.792	145.783	69	145.783	69
25	decode	1.00202	2.36986	167.199	145.783	69	145.783	69
26	decode	1.00204	2.37402	167.487	145.783	69	145.783	69
27	decode	1.00207	2.37072	167.25	145.783	69	145.783	69
28	decode	1.00209	2.3706	167.237	145.783	69	145.783	69
29	decode	1.00212	2.3731	167.409	145.783	69	145.783	69
30	decode	1.00214	2.37908	167.826	145.783	69	145.783	69
31	decode	1.00216	2.37501	167.534	145.783	69	145.783	69
32	decode	1.00219	2.37478	167.513	145.783	69	145.783	69
33	decode	1.00221	2.37092	167.236	145.783	69	145.783	69
34	decode	1.00224	2.37726	167.678	170.501	69	170.501	69
35	decode	1.00226	2.37449	167.478	170.501	69	170.501	69
36	decode	1.00229	2.35434	166.052	170.501	69	170.501	69
37	decode	1.00231	2.37349	167.398	170.501	69	170.501	69
38	decode	1.00233	2.35595	166.157	170.501	69	170.501	69
39	decode	1.00236	2.37449	167.459	170.501	69	170.501	69
40	decode	1.00238	2.37741	167.661	170.501	69	170.501	69
41	decode	1.00241	2.36176	166.552	170.501	69	170.501	69
42	decode	1.00243	2.37739	167.649	170.501	69	170.501	69
43	decode	1.00246	2.36993	167.119	170.501	69	170.501	69
44	decode	1.00248	2.37861	167.726	170.501	69	170.501	69
45	decode	1.00251	2.37976	167.802	170.501	69	170.501	69
46	decode	1.00253	2.37377	167.375	170.501	69	170.501	69
47	decode	1.00255	2.37859	167.71	170.501	69	170.501	69
48	decode	1.00258	2.37355	167.35	170.501	69	170.501	69
49	decode	1.0026	2.37546	167.48	191.968	91	191.968	91
50	decode	1.00263	2.37799	167.654	191.968	91	191.968	91
51	decode	1.00265	2.37754	167.617	191.968	91	191.968	91
52	decode	1.00268	2.37906	167.72	191.968	91	191.968	91
53	decode	1.0027	2.3697	167.055	191.968	91	191.968	91
54	decode	1.00272	2.35663	166.129	191.968	91	191.968	91
55	decode	1.00275	2.37733	167.584	191.968	91	191.968	91
56	decode	1.00277	2.37298	167.273	191.968	91	191.968	91
57	decode	1.0028	2.37118	167.141	191.968	91	191.968	91
58	decode	1.00282	2.38238	167.926	191.968	91	191.968	91
59	decode	1.00285	2.37182	167.177	191.968	91	191.968	91
60	decode	1.00287	2.37299	167.254	191.968	91	191.968	91
61	decode	1.00289	2.37701	167.533	191.968	91	191.968	91
62	decode	1.00292	2.37516	167.397	191.968	91	191.968	91
63	decode	1.00294	2.35568	166.02	191.968	91	191.968	91
64	decode	1.00297	2.37319	167.249	191.968	91	191.968	91
65	decode	1.00299	2.37397	167.299	191.968	91	191.968	91
66	decode	1.00302	2.37298	167.225	212.058	91	212.058	91
67	decode	1.00304	2.37195	167.147	212.058	91	212.058	91
68	decode	1.00306	2.35984	166.29	212.058	91	212.058	91
69	decode	1.00309	2.3704	167.029	212.058	91	212.058	91
70	decode	1.00311	2.34632	165.327	212.058	91	212.058	91
71	decode	1.00314	2.36136	166.382	212.058	91	212.058	91
72	decode	1.00316	2.36892	166.91	212.058	91	212.058	91
73	decode	1.00319	2.35883	166.195	212.058	91	212.058	91
74	decode	1.00321	2.36514	166.635	212.058	91	212.058	91
75	decode	1.00323	2.36185	166.399	212.058	91	212.058	91
76	decode	1.00326	2.36237	166.43	212.058	91	212.058	91
77	decode	1.00328	2.36699	166.751	212.058	91	212.058	91
78	decode	1.00331	2.36386	166.525	212.058	91	212.058	91
79	decode	1.00333	2.36252	166.427	212.058	91	212.058	91
80	decode	1.00336	2.36764	166.783	212.058	91	212.058	91
81	decode	1.00338	2.36487	166.583	212.058	91	212.058	91
82	decode	1.0034	2.36941	166.898	234.717	91	234.717	91
83	decode	1.00343	2.36304	166.445	234.717	91	234.717	91
84	decode	1.00345	2.36682	166.706	234.717	91	234.717	91
85	decode	1.00348	2.36189	166.354	234.717	91	234.717	91
86	decode	1.0035	2.34264	164.994	234.717	91	234.717	91
87	decode	1.00353	2.36444	166.524	234.717	91	234.717	91
88	decode	1.00355	2.36344	166.449	234.717	91	234.717	91
89	decode	1.00357	2.35997	166.2	234.717	91	234.717	91
90	decode	1.0036	2.36739	166.718	234.717	91	234.717	91
91	decode	1.00362	2.36251	166.37	234.717	91	234.717	91
92	decode	1.00365	2.36869	166.8	234.717	91	234.717	91
93	decode	1.00367	2.36188	166.316	234.717	91	234.717	91
94	decode	1.0037	2.36798	166.74	234.717	91	234.717	91
95	decode	1.00372	2.36124	166.261	234.717	91	234.717	91
96	decode	1.00374	2.36019	166.183	234.717	91	234.717	91
97	decode	1.00377	2.36338	166.402	234.717	91	234.717	91
98	decode	1.00379	2.36963	166.838	234.717	91	234.717	91
99	decode	1.00382	2.36114	166.235	262.921	91	262.921	91
100	decode	1.00384	2.36551	166.538	262.921	91	262.921	91
101	decode	1.00387	2.35814	166.015	262.921	91	262.921	91
102	decode	1.00389	2.34958	165.408	262.921	91	262.921	91
103	decode	1.00391	2.36399	166.417	262.921	91	262.921	91
104	decode	1.00394	2.36554	166.522	262.921	91	262.921	91
105	decode	1.00396	2.34536	165.097	262.921	91	262.921	91
106	decode	1.00399	2.36712	166.624	262.921	91	262.921	91
107	decode	1.00401	2.36171	166.238	262.921	91	262.921	91
108	decode	1.00404	2.36268	166.301	262.921	91	262.921	91
109	decode	1.00406	2.36144	166.209	262.921	91	262.921	91
110	decode	1.00408	2.34212	164.845	262.921	91	262.921	91
111	decode	1.00411	2.36594	166.517	262.921	91	262.921	91
112	decode	1.00413	2.36201	166.235	262.921	91	262.921	91
113	decode	1.00416	2.36321	166.316	262.921	91	262.921	91
114	decode	1.00418	2.36103	166.157	262.921	91	262.921	91
115	decode	1.00421	2.34986	165.366	262.921	91	262.921	91
116	decode	1.00423	2.36421	166.371	287.86	92	287.86	92
117	decode	1.00426	2.36314	166.291	287.86	92	287.86	92
118	decode	1.00428	2.34262	164.843	287.86	92	287.86	92
119	decode	1.0043	2.36407	166.348	287.86	92	287.86	92
120	decode	1.00433	2.35135	165.448	287.86	92	287.86	92
121	decode	1.00435	2.36259	166.234	287.86	92	287.86	92
122	decode	1.00438	2.36334	166.282	287.86	92	287.86	92
123	decode	1.0044	2.36089	166.105	287.86	92	287.86	92
124	decode	1.00443	2.36784	166.589	287.86	92	287.86	92
125	decode	1.00445	2.3605	166.068	287.86	92	287.86	92
126	decode	1.00447	2.36335	166.264	287.86	92	287.86	92
127	decode	1.0045	2.36386	166.295	287.86	92	287.86	92
128	decode	1.00452	2.3721	166.87	287.86	92	287.86	92
129	decode	1.00455	2.36385	166.285	287.86	92	287.86	92
130	decode	1.00457	2.373	166.924	287.86	92	287.86	92
131	decode	1.0046	2.36615	166.438	287.86	92	287.86	92
132	decode	1.00462	2.36869	166.612	287.86	92	287.86	92
133	decode	1.00464	2.36513	166.356	312.878	92	312.878	92
134	decode	1.00467	2.35076	165.341	312.878	92	312.878	92
135	decode	1.00469	2.36597	166.406	312.878	92	312.878	92
136	decode	1.00472	2.37691	167.171	312.878	92	312.878	92
137	decode	1.00474	2.36381	166.245	312.878	92	312.878	92
138	decode	1.00477	2.37298	166.885	312.878	92	312.878	92
139	decode	1.00479	2.36676	166.443	312.878	92	312.878	92
140	decode	1.00481	2.3702	166.68	312.878	92	312.878	92
141	decode	1.00484	2.36933	166.614	312.878	92	312.878	92
142	decode	1.00486	2.36856	166.555	312.878	92	312.878	92
143	decode	1.00489	2.3713	166.743	312.878	92	312.878	92
144	decode	1.00491	2.37371	166.908	312.878	92	312.878	92
145	decode	1.00494	2.37078	166.698	312.878	92	312.878	92
146	decode	1.00496	2.36764	166.472	312.878	92	312.878	92
147	decode	1.00498	2.36655	166.391	312.878	92	312.878	92
148	decode	1.00501	2.36693	166.412	312.878	92	312.878	92
149	decode	1.00503	2.36184	166.05	333.624	92	333.624	92
150	decode	1.00506	2.35057	165.253	333.624	92	333.624	92
151	decode	1.00508	2.36542	166.293	333.624	92	333.624	92
152	decode	1.00511	2.37022	166.625	333.624	92	333.624	92
153	decode	1.00513	2.36599	166.323	333.624	92	333.624	92
154	decode	1.00515	2.36484	166.238	333.624	92	333.624	92
155	decode	1.00518	2.36664	166.359	333.624	92	333.624	92
156	decode	1.0052	2.36656	166.349	333.624	92	333.624	92
157	decode	1.00523	2.33926	164.426	333.624	92	333.624	92
158	decode	1.00525	2.36816	166.452	333.624	92	333.624	92
159	decode	1.00528	2.36552	166.262	333.624	92	333.624	92
160	decode	1.0053	2.37147	166.675	333.624	92	333.624	92
161	decode	1.00532	2.36413	166.155	333.624	92	333.624	92
162	decode	1.00535	2.34276	164.648	333.624	92	333.624	92
163	decode	1.00537	2.3647	166.186	333.624	92	333.624	92
164	decode	1.0054	2.3698	166.539	333.624	92	333.624	92
165	decode	1.00542	2.36177	165.97	333.624	92	333.624	92
166	decode	1.00545	2.3527	165.328	352.125	92	352.125	92
167	decode	1.00547	2.34988	165.125	352.125	92	352.125	92
168	decode	1.00549	2.36697	166.321	352.125	92	352.125	92
169	decode	1.00552	2.36559	166.22	352.125	92	352.125	92
170	decode	1.00554	2.37207	166.67	352.125	92	352.125	92
171	decode	1.00557	2.36802	166.381	352.125	92	352.125	92
172	decode	1.00559	2.34918	165.053	352.125	92	352.125	92
173	decode	1.00562	2.37386	166.782	352.125	92	352.125	92
174	decode	1.00564	2.36386	166.075	352.125	92	352.125	92
175	decode	1.00566	2.37038	166.529	352.125	92	352.125	92
176	decode	1.00569	2.37199	166.637	352.125	92	352.125	92
177	decode	1.00571	2.35419	165.381	352.125	92	352.125	92
178	decode	1.00574	2.36596	166.204	352.125	92	352.125	92
179	decode	1.00576	2.36653	166.239	352.125	92	352.125	92
180	decode	1.00579	2.36938	166.434	352.125	92	352.125	92
181	decode	1.00581	2.36991	166.467	352.125	92	352.125	92
182	decode	1.00583	2.34301	164.573	352.125	92	352.125	92
183	decode	1.00586	2.36692	166.248	351.594	91	351.594	91
184	decode	1.00588	2.36617	166.191	351.594	91	351.594	91
185	decode	1.00591	2.36926	166.402	351.594	91	351.594	91
186	decode	1.00593	2.36902	166.381	351.594	91	351.594	91
187	decode	1.00596	2.36586	166.154	351.594	91	351.594	91
188	decode	1.00598	2.369	166.37	351.594	91	351.594	91
189	decode	1.006	2.36758	166.266	351.594	91	351.594	91
190	decode	1.00603	2.37052	166.468	351.594	91	351.594	91
191	decode	1.00605	2.36694	166.212	351.594	91	351.594	91
192	decode	1.00608	2.36782	166.269	351.594	91	351.594	91
193	decode	1.0061	2.36854	166.314	351.594	91	351.594	91
194	decode	1.00613	2.36722	166.217	351.594	91	351.594	91
195	decode	1.00615	2.37049	166.442	351.594	91	351.594	91
196	decode	1.00617	2.37424	166.701	351.594	91	351.594	91
197	decode	1.0062	2.37171	166.519	351.594	91	351.594	91
198	decode	1.00622	2.3351	163.943	351.588	91	351.588	91
199	decode	1.00625	2.35986	165.677	351.588	91	351.588	91
200	decode	1.00627	2.36299	165.892	351.588	91	351.588	91
201	decode	1.0063	2.35914	165.617	351.588	91	351.588	91
202	decode	1.00632	2.36531	166.046	351.588	91	351.588	91
203	decode	1.00634	2.35826	165.546	351.588	91	351.588	91
204	decode	1.00637	2.36012	165.672	351.588	91	351.588	91
205	decode	1.00639	2.35927	165.608	351.588	91	351.588	91
206	decode	1.00642	2.35979	165.64	351.588	91	351.588	91
207	decode	1.00644	2.363	165.86	351.588	91	351.588	91
208	decode	1.00647	2.36284	165.844	351.588	91	351.588	91
209	decode	1.00649	2.35491	165.283	351.588	91	351.588	91
210	decode	1.00651	2.35958	165.606	351.588	91	351.588	91
211	decode	1.00654	2.36164	165.746	351.588	91	351.588	91
212	decode	1.00656	2.36396	165.904	351.588	91	351.588	91
213	decode	1.00659	2.35602	165.342	351.588	91	351.588	91
214	decode	1.00661	2.34044	164.244	351.588	91	351.588	91
215	decode	1.00664	2.35847	165.505	351.368	91	351.368	91
216	decode	1.00666	2.36005	165.611	351.368	91	351.368	91
217	decode	1.00668	2.36099	165.672	351.368	91	351.368	91
218	decode	1.00671	2.36575	166.002	351.368	91	351.368	91
219	decode	1.00673	2.32737	163.304	351.368	91	351.368	91
220	decode	1.00676	2.36189	165.722	351.368	91	351.368	91
221	decode	1.00678	2.35743	165.404	351.368	91	351.368	91
222	decode	1.00681	2.36214	165.73	351.368	91	351.368	91
223	decode	1.00683	2.3524	165.042	351.368	91	351.368	91
224	decode	1.00685	2.34054	164.205	351.368	91	351.368	91
225	decode	1.00688	2.36108	165.641	351.368	91	351.368	91
226	decode	1.0069	2.35881	165.478	351.368	91	351.368	91
227	decode	1.00693	2.35577	165.26	351.368	91	351.368	91
228	decode	1.00695	2.36265	165.737	351.368	91	351.368	91
229	decode	1.00698	2.33119	163.526	351.368	91	351.368	91
230	decode	1.007	2.34689	164.622	351.368	91	351.368	91
231	decode	1.00702	2.35854	165.435	351.368	91	351.368	91
232	decode	1.00705	2.36674	166.006	350.807	91	350.807	91
233	decode	1.00707	2.36347	165.772	350.807	91	350.807	91
234	decode	1.0071	2.33651	163.876	350.807	91	350.807	91
235	decode	1.00712	2.36283	165.717	350.807	91	350.807	91
236	decode	1.00714	2.36176	165.638	350.807	91	350.807	91
237	decode	1.00717	2.35292	165.013	350.807	91	350.807	91
238	decode	1.00719	2.36399	165.785	350.807	91	350.807	91
239	decode	1.00722	2.32298	162.904	350.807	91	350.807	91
240	decode	1.00724	2.36349	165.741	350.807	91	350.807	91
241	decode	1.00727	2.36294	165.697	350.807	91	350.807	91
242	decode	1.00729	2.36156	165.596	350.807	91	350.807	91
243	decode	1.00731	2.36021	165.496	350.807	91	350.807	91
244	decode	1.00734	2.35283	164.974	350.807	91	350.807	91
245	decode	1.00736	2.36693	165.958	350.807	91	350.807	91
246	decode	1.00739	2.33739	163.882	350.807	91	350.807	91
247	decode	1.00741	2.36504	165.816	350.807	91	350.807	91
248	decode	1.00744	2.36657	165.919	350.747	91	350.747	91
249	decode	1.00746	2.33802	163.913	350.747	91	350.747	91
250	decode	1.00748	2.36773	165.991	350.747	91	350.747	91
251	decode	1.00751	2.35393	165.019	350.747	91	350.747	91
252	decode	1.00753	2.36252	165.616	350.747	91	350.747	91
253	decode	1.00756	2.35893	165.36	350.747	91	350.747	91
254	decode	1.00758	2.15825	151.288	350.747	91	350.747	91
