0	prefill	855.246	320.63	24511.1	114.378	38	118.033	57
1	decode	15.9657	36.1433	2551.72	118.033	57	118.033	57
2	decode	15.9651	36.3516	2566.36	118.033	57	118.033	57
3	decode	15.9645	36.2858	2561.64	118.033	57	118.033	57
4	decode	15.9639	36.3586	2566.71	118.033	57	118.033	57
5	decode	15.9634	36.478	2575.06	118.033	57	118.033	57
6	decode	15.9628	36.0792	2546.84	118.033	57	118.033	57
7	decode	15.9622	36.5717	2581.53	118.033	57	118.033	57
8	decode	15.9616	36.4046	2569.66	118.033	57	118.033	57
9	decode	15.961	36.5524	2580.02	118.033	57	118.033	57
10	decode	15.9605	36.4853	2575.22	118.033	57	118.033	57
11	decode	15.9599	36.3509	2565.66	118.033	57	118.033	57
12	decode	15.9593	36.6207	2584.62	118.033	57	118.033	57
13	decode	15.9587	36.498	2575.89	118.033	57	118.033	57
14	decode	15.9582	36.4234	2570.55	148.116	57	148.116	57
15	decode	15.9576	36.5276	2577.83	148.116	57	148.116	57
16	decode	15.957	36.168	2552.39	148.116	57	148.116	57
17	decode	15.9564	36.6023	2582.96	148.116	57	148.116	57
18	decode	15.9558	36.6057	2583.13	148.116	57	148.116	57
19	decode	15.9553	36.5246	2577.33	148.116	57	148.116	57
20	decode	15.9547	36.4307	2570.63	148.116	57	148.116	57
21	decode	15.9541	36.634	2584.9	148.116	57	148.116	57
22	decode	15.9535	36.1904	2553.54	148.116	57	148.116	57
23	decode	15.9529	36.522	2576.85	148.116	57	148.116	57
24	decode	15.9524	36.5462	2578.49	148.116	57	148.116	57
25	decode	15.9518	36.5184	2576.46	148.116	57	148.116	57
26	decode	15.9512	36.463	2572.47	148.116	57	148.116	57
27	decode	15.9506	36.4724	2573.06	148.116	57	148.116	57
28	decode	15.9501	36.5665	2579.63	148.116	57	148.116	57
29	decode	15.9495	36.1938	2553.26	148.116	57	148.116	57
30	decode	15.9489	36.4995	2574.76	174.555	90	174.555	90
31	decode	15.9483	36.4471	2570.99	174.555	90	174.555	90
32	decode	15.9477	36.6562	2585.66	174.555	90	174.555	90
33	decode	15.9472	36.4918	2573.99	174.555	90	174.555	90
34	decode	15.9466	36.5287	2576.53	174.555	90	174.555	90
35	decode	15.946	36.5861	2580.5	174.555	90	174.555	90
36	decode	15.9454	36.535	2576.82	174.555	90	174.555	90
37	decode	15.9449	36.5991	2581.27	174.555	90	174.555	90
38	decode	15.9443	36.0335	2541.31	174.555	90	174.555	90
39	decode	15.9437	36.4076	2567.62	174.555	90	174.555	90
40	decode	15.9431	36.5619	2578.43	174.555	90	174.555	90
41	decode	15.9426	36.5978	2580.89	174.555	90	174.555	90
42	decode	15.942	36.1319	2547.96	174.555	90	174.555	90
43	decode	15.9414	36.4589	2570.95	174.555	90	174.555	90
44	decode	15.9408	36.5014	2573.87	174.555	90	174.555	90
45	decode	15.9403	36.5241	2575.4	174.555	90	174.555	90
46	decode	15.9397	36.4992	2573.57	194.286	90	194.286	90
47	decode	15.9391	36.507	2574.05	194.286	90	194.286	90
48	decode	15.9385	36.4141	2567.43	194.286	90	194.286	90
49	decode	15.9379	36.5387	2576.14	194.286	90	194.286	90
50	decode	15.9374	36.6113	2581.18	194.286	90	194.286	90
51	decode	15.9368	36.471	2571.22	194.286	90	194.286	90
52	decode	15.9362	36.4896	2572.46	194.286	90	194.286	90
53	decode	15.9356	36.6193	2581.53	194.286	90	194.286	90
54	decode	15.9351	36.111	2545.63	194.286	90	194.286	90
55	decode	15.9345	36.169	2549.64	194.286	90	194.286	90
56	decode	15.9339	36.5606	2577.17	194.286	90	194.286	90
57	decode	15.9333	36.5531	2576.57	194.286	90	194.286	90
58	decode	15.9328	36.6038	2580.07	194.286	90	194.286	90
59	decode	15.9322	36.6204	2581.16	194.286	90	194.286	90
60	decode	15.9316	36.5157	2573.71	194.286	90	194.286	90
61	decode	15.931	36.6055	2579.97	194.286	90	194.286	90
62	decode	15.9305	36.5418	2575.41	215.321	90	215.321	90
63	decode	15.9299	36.6105	2580.18	215.321	90	215.321	90
64	decode	15.9293	36.5429	2575.34	215.321	90	215.321	90
65	decode	15.9287	36.5701	2577.18	215.321	90	215.321	90
66	decode	15.9282	36.5642	2576.7	215.321	90	215.321	90
67	decode	15.9276	36.6236	2580.81	215.321	90	215.321	90
68	decode	15.927	36.2021	2551.04	215.321	90	215.321	90
69	decode	15.9264	36.5408	2574.83	215.321	90	215.321	90
70	decode	15.9259	35.9758	2534.94	215.321	90	215.321	90
71	decode	15.9253	36.4086	2565.37	215.321	90	215.321	90
72	decode	15.9247	36.4167	2565.87	215.321	90	215.321	90
73	decode	15.9241	36.3328	2559.88	215.321	90	215.321	90
74	decode	15.9236	36.2988	2557.41	215.321	90	215.321	90
75	decode	15.923	36.5165	2572.68	215.321	90	215.321	90
76	decode	15.9224	36.4187	2565.71	215.321	90	215.321	90
77	decode	15.9218	36.3177	2558.53	215.321	90	215.321	90
78	decode	15.9213	36.2977	2557.04	215.321	90	215.321	90
79	decode	15.9207	36.4661	2568.84	240.193	90	240.193	90
80	decode	15.9201	36.3881	2563.27	240.193	90	240.193	90
81	decode	15.9196	36.0534	2539.62	240.193	90	240.193	90
82	decode	15.919	36.3284	2558.92	240.193	90	240.193	90
83	decode	15.9184	36.3981	2563.76	240.193	90	240.193	90
84	decode	15.9178	36.4378	2566.48	240.193	90	240.193	90
85	decode	15.9173	36.4	2563.74	240.193	90	240.193	90
86	decode	15.9167	36.0445	2538.63	240.193	90	240.193	90
87	decode	15.9161	36.3981	2563.47	240.193	90	240.193	90
88	decode	15.9155	36.435	2565.99	240.193	90	240.193	90
89	decode	15.915	36.3197	2557.8	240.193	90	240.193	90
90	decode	15.9144	36.4975	2570.25	240.193	90	240.193	90
91	decode	15.9138	36.3829	2562.11	240.193	90	240.193	90
92	decode	15.9133	36.4544	2567.07	240.193	90	240.193	90
93	decode	15.9127	36.3836	2562.02	240.193	90	240.193	90
94	decode	15.9121	36.0251	2536.7	240.193	90	240.193	90
95	decode	15.9115	36.4594	2567.21	265.628	90	265.628	90
96	decode	15.911	36.464	2567.45	265.628	90	265.628	90
97	decode	15.9104	36.3814	2561.56	265.628	90	265.628	90
98	decode	15.9098	36.4772	2568.24	265.628	90	265.628	90
99	decode	15.9092	36.425	2564.5	265.628	90	265.628	90
100	decode	15.9087	36.509	2570.33	265.628	90	265.628	90
101	decode	15.9081	36.4586	2566.71	265.628	90	265.628	90
102	decode	15.9075	35.889	2526.54	265.628	90	265.628	90
103	decode	15.907	36.4454	2565.64	265.628	90	265.628	90
104	decode	15.9064	36.4476	2565.72	265.628	90	265.628	90
105	decode	15.9058	36.4793	2567.88	265.628	90	265.628	90
106	decode	15.9052	36.173	2546.24	265.628	90	265.628	90
107	decode	15.9047	36.4043	2562.45	265.628	90	265.628	90
108	decode	15.9041	36.4337	2564.45	265.628	90	265.628	90
109	decode	15.9035	36.4172	2563.22	290.95	90	290.95	90
110	decode	15.903	36.426	2563.76	290.95	90	290.95	90
111	decode	15.9024	36.4591	2566.02	290.95	90	290.95	90
112	decode	15.9018	36.3799	2560.38	290.95	90	290.95	90
113	decode	15.9012	36.5448	2571.91	290.95	90	290.95	90
114	decode	15.9007	36.4341	2564.05	290.95	90	290.95	90
115	decode	15.9001	36.0076	2533.96	290.95	90	290.95	90
116	decode	15.8995	36.4951	2568.2	290.95	90	290.95	90
117	decode	15.899	36.5194	2569.83	290.95	90	290.95	90
118	decode	15.8984	35.9663	2530.84	290.95	90	290.95	90
119	decode	15.8978	36.4923	2567.78	290.95	90	290.95	90
120	decode	15.8972	36.4536	2564.98	290.95	90	290.95	90
121	decode	15.8967	36.4423	2564.11	290.95	90	290.95	90
122	decode	15.8961	36.537	2570.71	290.95	90	290.95	90
123	decode	15.8955	36.5209	2569.5	290.95	90	290.95	90
124	decode	15.895	36.468	2565.7	290.95	90	290.95	90
125	decode	15.8944	36.4801	2566.49	290.95	90	290.95	90
126	decode	15.8938	36.4089	2561.4	320.74	90	320.74	90
127	decode	15.8932	36.458	2564.78	320.74	90	320.74	90
128	decode	15.8927	36.1236	2541.19	320.74	90	320.74	90
129	decode	15.8921	36.4445	2563.69	320.74	90	320.74	90
130	decode	15.8915	36.4662	2565.15	320.74	90	320.74	90
131	decode	15.891	36.4451	2563.59	320.74	90	320.74	90
132	decode	15.8904	36.5662	2572.03	320.74	90	320.74	90
133	decode	15.8898	36.3639	2557.73	320.74	90	320.74	90
134	decode	15.8893	36.0229	2533.68	320.74	90	320.74	90
135	decode	15.8887	36.5512	2570.76	320.74	90	320.74	90
136	decode	15.8881	36.2837	2551.87	320.74	90	320.74	90
137	decode	15.8876	36.4694	2564.87	320.74	90	320.74	90
138	decode	15.887	36.4577	2563.97	320.74	90	320.74	90
139	decode	15.8864	36.5046	2567.2	320.74	90	320.74	90
140	decode	15.8858	36.5375	2569.43	320.74	90	320.74	90
141	decode	15.8853	36.0643	2536.09	320.74	90	320.74	90
142	decode	15.8847	36.4216	2561.14	341.746	90	341.746	90
143	decode	15.8841	36.4566	2563.53	341.746	90	341.746	90
144	decode	15.8836	36.4654	2564.07	341.746	90	341.746	90
145	decode	15.883	36.4833	2565.26	341.746	90	341.746	90
146	decode	15.8824	36.491	2565.73	341.746	90	341.746	90
147	decode	15.8819	36.5427	2569.29	341.746	90	341.746	90
148	decode	15.8813	36.5789	2571.77	341.746	90	341.746	90
149	decode	15.8807	36.2531	2548.79	341.746	90	341.746	90
150	decode	15.8802	36.0359	2533.45	341.746	90	341.746	90
151	decode	15.8796	36.5464	2569.26	341.746	90	341.746	90
152	decode	15.879	36.4797	2564.5	341.746	90	341.746	90
153	decode	15.8784	36.512	2566.7	341.746	90	341.746	90
154	decode	15.8779	36.5872	2571.92	341.746	90	341.746	90
155	decode	15.8773	36.5555	2569.62	341.746	90	341.746	90
156	decode	15.8767	36.5185	2566.94	341.746	90	341.746	90
157	decode	15.8762	36.4727	2563.65	341.746	90	341.746	90
158	decode	15.8756	36.4481	2561.85	361.215	90	361.215	90
159	decode	15.875	36.5092	2566.07	361.215	90	361.215	90
160	decode	15.8745	36.5443	2568.46	361.215	90	361.215	90
161	decode	15.8739	36.5549	2569.14	361.215	90	361.215	90
162	decode	15.8733	36.1754	2542.39	361.215	90	361.215	90
163	decode	15.8728	36.5163	2566.28	361.215	90	361.215	90
164	decode	15.8722	36.4427	2561.03	361.215	90	361.215	90
165	decode	15.8716	36.5389	2567.72	361.215	90	361.215	90
166	decode	15.8711	36.0753	2535.07	361.215	90	361.215	90
167	decode	15.8705	36.4787	2563.35	361.215	90	361.215	90
168	decode	15.8699	36.4549	2561.6	361.215	90	361.215	90
169	decode	15.8694	36.4082	2558.25	361.215	90	361.215	90
170	decode	15.8688	36.5915	2571.06	361.215	90	361.215	90
171	decode	15.8682	36.4699	2562.44	361.215	90	361.215	90
172	decode	15.8677	36.4508	2561.02	361.215	90	361.215	90
173	decode	15.8671	36.5497	2567.9	361.215	90	361.215	90
174	decode	15.8665	36.3801	2555.91	356.854	90	356.854	90
175	decode	15.866	36.1419	2539.11	356.854	90	356.854	90
176	decode	15.8654	36.5085	2564.79	356.854	90	356.854	90
177	decode	15.8648	36.4827	2562.91	356.854	90	356.854	90
178	decode	15.8643	36.525	2565.8	356.854	90	356.854	90
179	decode	15.8637	36.4545	2560.78	356.854	90	356.854	90
180	decode	15.8631	36.4704	2561.82	356.854	90	356.854	90
181	decode	15.8626	36.6156	2571.95	356.854	90	356.854	90
182	decode	15.862	36.0967	2535.43	356.854	90	356.854	90
183	decode	15.8614	36.0719	2533.62	356.854	90	356.854	90
184	decode	15.8609	36.5505	2567.16	356.854	90	356.854	90
185	decode	15.8603	36.474	2561.72	356.854	90	356.854	90
186	decode	15.8597	36.5232	2565.1	356.854	90	356.854	90
187	decode	15.8592	36.5202	2564.81	356.854	90	356.854	90
188	decode	15.8586	36.4877	2562.46	356.854	90	356.854	90
189	decode	15.858	36.5598	2567.45	356.854	90	356.854	90
190	decode	15.8575	36.4054	2556.53	357.293	90	357.293	90
191	decode	15.8569	36.58	2568.72	357.293	90	357.293	90
192	decode	15.8563	36.512	2563.88	357.293	90	357.293	90
193	decode	15.8558	36.5578	2567.03	357.293	90	357.293	90
194	decode	15.8552	36.5129	2563.8	357.293	90	357.293	90
195	decode	15.8546	36.4977	2562.66	357.293	90	357.293	90
196	decode	15.8541	36.0692	2532.5	357.293	90	357.293	90
197	decode	15.8535	36.4809	2561.33	357.293	90	357.293	90
198	decode	15.8529	35.9415	2523.39	357.293	90	357.293	90
199	decode	15.8524	36.2904	2547.81	357.293	90	357.293	90
200	decode	15.8518	36.41	2556.14	357.293	90	357.293	90
201	decode	15.8513	36.3159	2549.46	357.293	90	357.293	90
202	decode	15.8507	36.3931	2554.81	357.293	90	357.293	90
203	decode	15.8501	36.3118	2549.03	357.293	90	357.293	90
204	decode	15.8496	36.0123	2527.94	357.293	90	357.293	90
205	decode	15.849	36.3501	2551.57	357.293	90	357.293	90
206	decode	15.8484	36.416	2556.13	357.293	90	357.293	90
207	decode	15.8479	36.4491	2558.38	357.959	90	357.959	90
208	decode	15.8473	36.3506	2551.39	357.959	90	357.959	90
209	decode	15.8467	36.3933	2554.32	357.959	90	357.959	90
210	decode	15.8462	36.3247	2549.43	357.959	90	357.959	90
211	decode	15.8456	36.3123	2548.49	357.959	90	357.959	90
212	decode	15.845	36.435	2557.03	357.959	90	357.959	90
213	decode	15.8445	36.5097	2562.2	357.959	90	357.959	90
214	decode	15.8439	35.9768	2524.73	357.959	90	357.959	90
215	decode	15.8434	36.4922	2560.83	357.959	90	357.959	90
216	decode	15.8428	36.4083	2554.87	357.959	90	357.959	90
217	decode	15.8422	36.0189	2527.47	357.959	90	357.959	90
218	decode	15.8417	36.3092	2547.77	357.959	90	357.959	90
219	decode	15.8411	36.3084	2547.64	357.959	90	357.959	90
220	decode	15.8405	36.3803	2552.61	357.959	90	357.959	90
221	decode	15.84	36.4148	2554.97	358.686	90	358.686	90
222	decode	15.8394	36.2981	2546.7	358.686	90	358.686	90
223	decode	15.8388	36.3395	2549.54	358.686	90	358.686	90
224	decode	15.8383	36.4907	2560.07	358.686	90	358.686	90
225	decode	15.8377	36.0208	2527.04	358.686	90	358.686	90
226	decode	15.8372	36.4245	2555.28	358.686	90	358.686	90
227	decode	15.8366	35.484	2489.24	358.686	90	358.686	90
228	decode	15.836	36.3667	2551.08	358.686	90	358.686	90
229	decode	15.8355	36.3369	2548.92	358.686	90	358.686	90
230	decode	15.8349	36.0098	2525.91	358.686	90	358.686	90
231	decode	15.8343	36.2779	2544.65	358.686	90	358.686	90
232	decode	15.8338	36.3761	2551.46	358.686	90	358.686	90
233	decode	15.8332	36.0966	2531.78	358.686	90	358.686	90
234	decode	15.8327	36.291	2545.35	358.686	90	358.686	90
235	decode	15.8321	36.3878	2552.06	358.686	90	358.686	90
236	decode	15.8315	36.4131	2553.77	358.686	90	358.686	90
237	decode	15.831	36.4329	2555.08	359.499	90	359.499	90
238	decode	15.8304	36.4218	2554.23	359.499	90	359.499	90
239	decode	15.8298	36.4065	2553.09	359.499	90	359.499	90
240	decode	15.8293	36.3539	2549.32	359.499	90	359.499	90
241	decode	15.8287	36.3132	2546.4	359.499	90	359.499	90
242	decode	15.8282	36.367	2550.1	359.499	90	359.499	90
243	decode	15.8276	36.4412	2555.24	359.499	90	359.499	90
244	decode	15.827	36.4594	2556.44	359.499	90	359.499	90
245	decode	15.8265	36.3777	2550.64	359.499	90	359.499	90
246	decode	15.8259	35.5362	2491.56	359.499	90	359.499	90
247	decode	15.8253	36.4169	2553.24	359.499	90	359.499	90
248	decode	15.8248	36.3112	2545.76	359.499	90	359.499	90
249	decode	15.8242	36.4139	2552.89	359.499	90	359.499	90
250	decode	15.8237	36.396	2551.56	359.499	90	359.499	90
251	decode	15.8231	36.3343	2547.17	359.499	90	359.499	90
252	decode	15.8225	36.3175	2545.91	359.499	90	359.499	90
253	decode	15.822	36.3619	2548.96	359.85	90	359.85	90
254	decode	15.8214	36.0793	2529.07	359.85	90	359.85	90
