0	prefill	401.906	135.878	17555.4	111.74	28	111.74	28
1	decode	7.98183	3.52597	388.757	118.62	39	118.62	39
2	decode	7.98153	3.55266	391.684	118.62	39	118.62	39
3	decode	7.98123	3.57444	394.071	118.62	39	118.62	39
4	decode	7.98093	3.56367	392.869	118.62	39	118.62	39
5	decode	7.98063	3.55343	391.725	118.62	39	118.62	39
6	decode	7.98033	3.58291	394.961	124.656	39	124.656	39
7	decode	7.98002	3.58704	395.4	124.656	39	124.656	39
8	decode	7.97972	1.87511	206.686	124.656	39	124.656	39
9	decode	7.97942	1.88316	207.565	126.275	58.5	127.893	78
10	decode	7.97912	1.88151	207.376	127.893	78	127.893	78
11	decode	7.97882	1.88511	207.764	127.893	78	127.893	78
12	decode	7.97852	1.88223	207.44	131.374	78	131.374	78
13	decode	7.97822	1.88654	207.906	131.374	78	131.374	78
14	decode	7.97792	1.87934	207.105	131.89	68.75	133.439	78
15	decode	7.97762	1.83728	202.463	133.439	41	133.439	41
16	decode	7.97732	1.77132	195.186	133.439	41	133.439	41
17	decode	7.97702	1.86485	205.485	135.864	41	136.673	41
18	decode	7.97672	1.86119	205.073	136.673	41	136.673	41
19	decode	7.97641	1.88338	207.511	138.007	37.5	139.341	41
20	decode	7.97611	1.88413	207.586	139.341	34	139.341	34
21	decode	7.97581	1.88415	207.58	139.341	34	139.341	34
22	decode	7.97551	1.8862	207.799	136.755	34	139.341	34
23	decode	7.97521	1.88837	208.029	135.893	34	135.893	34
24	decode	7.97491	1.88117	207.228	136.259	34.75	137.358	37
25	decode	7.97461	1.89121	208.326	137.358	37	137.358	37
26	decode	7.97431	1.87837	206.904	137.358	37	137.358	37
27	decode	7.97401	1.84898	203.659	137.112	37	137.358	37
28	decode	7.97371	1.8727	206.264	136.865	37	136.865	37
29	decode	7.97341	1.88269	207.357	136.865	37	136.865	37
30	decode	7.97311	1.8737	206.358	135.652	42	135.652	42
31	decode	7.97281	1.87823	206.849	135.652	42	135.652	42
32	decode	7.97251	1.86641	205.54	133.223	42	135.652	42
33	decode	7.97221	1.87769	206.775	128.364	42	128.364	42
34	decode	7.97191	1.8835	207.407	128.364	42	128.364	42
35	decode	7.97161	1.886	207.674	128.205	45.75	128.364	47
36	decode	7.97131	1.82999	201.499	128.152	47	128.152	47
37	decode	7.97101	1.84981	203.673	128.151	47	128.152	47
38	decode	7.97071	1.8772	206.681	128.148	47	128.148	47
39	decode	7.97041	1.88035	207.021	128.148	47	128.148	47
40	decode	7.97011	1.88141	207.129	128.129	47.5	128.148	48
41	decode	7.96981	1.88312	207.309	128.109	48	128.109	48
42	decode	7.96951	1.8822	207.201	128.109	48	128.109	48
43	decode	7.96921	1.88774	207.802	127.859	48	127.859	48
44	decode	7.96891	1.88045	206.992	127.859	48	127.859	48
45	decode	7.96861	1.88369	207.341	127.548	45.3333	127.859	48
46	decode	7.96831	1.89078	208.113	127.392	44	127.392	44
47	decode	7.96802	1.89026	208.048	127.392	44	127.392	44
48	decode	7.96772	1.88422	207.375	128.065	44	128.065	44
49	decode	7.96742	1.87731	206.608	128.065	44	128.065	44
50	decode	7.96712	1.88383	207.317	128.279	41.5	128.493	44
51	decode	7.96682	1.88136	207.038	128.493	39	128.493	39
52	decode	7.96652	1.88353	207.269	128.493	39	128.493	39
53	decode	7.96622	1.88018	206.891	128.884	39	129.014	39
54	decode	7.96592	1.88576	207.498	129.014	39	129.014	39
55	decode	7.96562	1.796	197.614	128.97	38.25	129.014	39
56	decode	7.96532	1.7891	196.847	128.837	36	128.837	36
57	decode	7.96502	1.87258	206.024	128.837	36	128.837	36
58	decode	7.96473	1.88183	207.034	128.662	36	128.837	36
59	decode	7.96443	1.88105	206.94	128.604	36	128.604	36
60	decode	7.96413	1.88075	206.899	128.604	36	128.604	36
61	decode	7.96383	1.88261	207.096	128.514	38	128.514	38
62	decode	7.96353	1.8719	205.91	128.514	38	128.514	38
63	decode	7.96323	1.87363	206.093	128.246	38	128.514	38
64	decode	7.96293	1.88425	207.253	127.979	38	127.979	38
65	decode	7.96264	1.89144	208.036	127.979	38	127.979	38
66	decode	7.96234	1.88133	206.916	128.34	41.75	128.46	43
67	decode	7.96204	1.8875	207.587	128.46	43	128.46	43
68	decode	7.96174	1.88479	207.282	128.471	43	128.504	43
69	decode	7.96144	1.8933	208.21	128.504	43	128.504	43
70	decode	7.96114	1.88932	207.764	128.504	43	128.504	43
71	decode	7.96084	1.88475	207.253	129.118	45.5	129.323	48
72	decode	7.96055	1.88447	207.215	129.323	48	129.323	48
73	decode	7.96025	1.87996	206.711	129.123	48	129.323	48
74	decode	7.95995	1.8653	205.091	128.521	48	128.521	48
75	decode	7.95965	1.88535	207.288	128.521	48	128.521	48
76	decode	7.95935	1.88932	207.716	128.288	47.3333	128.521	48
77	decode	7.95906	1.88659	207.409	128.171	47	128.171	47
78	decode	7.95876	1.89164	207.956	128.171	47	128.171	47
79	decode	7.95846	1.89384	208.19	128.333	47	128.333	47
80	decode	7.95816	1.87849	206.494	128.333	47	128.333	47
81	decode	7.95786	1.89071	207.83	128.339	44.5	128.344	47
82	decode	7.95757	1.89274	208.045	128.344	42	128.344	42
83	decode	7.95727	1.88459	207.141	128.344	42	128.344	42
84	decode	7.95697	1.88427	207.099	128.975	42	129.185	42
85	decode	7.95667	1.87725	206.32	129.185	42	129.185	42
86	decode	7.95638	1.87825	206.422	129.266	40.75	129.51	42
87	decode	7.95608	1.88235	206.864	129.51	37	129.51	37
88	decode	7.95578	1.89112	207.82	129.51	37	129.51	37
89	decode	7.95548	1.89319	208.04	129.601	37	129.692	37
90	decode	7.95519	1.88831	207.495	129.692	37	129.692	37
91	decode	7.95489	1.88154	206.745	129.692	37	129.692	37
92	decode	7.95459	1.88596	207.222	129.863	39	129.863	39
93	decode	7.95429	1.88984	207.641	129.863	39	129.863	39
94	decode	7.954	1.88783	207.412	129.587	39	129.863	39
95	decode	7.9537	1.89136	207.791	129.31	39	129.31	39
96	decode	7.9534	1.89238	207.896	129.31	39	129.31	39
97	decode	7.95311	1.89892	208.606	129.659	45	129.659	45
98	decode	7.95281	1.90037	208.758	129.659	45	129.659	45
99	decode	7.95251	1.89435	208.089	129.7	45	129.822	45
100	decode	7.95221	1.89136	207.753	129.822	45	129.822	45
101	decode	7.95192	1.89883	208.564	129.822	45	129.822	45
102	decode	7.95162	1.89548	208.189	129.824	48.75	129.824	50
103	decode	7.95132	1.89759	208.413	129.824	50	129.824	50
104	decode	7.95103	1.89842	208.496	129.824	50	129.824	50
105	decode	7.95073	1.89288	207.88	129.448	50	129.448	50
106	decode	7.95043	1.8991	208.556	129.448	50	129.448	50
107	decode	7.95014	1.8934	207.921	129.185	47.5	129.448	50
108	decode	7.94984	1.89559	208.154	128.922	45	128.922	45
109	decode	7.94954	1.89437	208.012	128.922	45	128.922	45
110	decode	7.94925	1.89166	207.707	128.857	45	128.922	45
111	decode	7.94895	1.87516	205.887	128.835	45	128.835	45
112	decode	7.94865	1.88174	206.602	128.798	43.25	128.835	45
113	decode	7.94836	1.89225	207.748	128.689	38	128.689	38
114	decode	7.94806	1.88417	206.853	128.689	38	128.689	38
115	decode	7.94777	1.88937	207.417	128.863	38	128.921	38
116	decode	7.94747	1.88504	206.933	128.921	38	128.921	38
117	decode	7.94717	1.88611	207.043	128.906	37.75	128.921	38
118	decode	7.94688	1.89043	207.509	128.86	37	128.86	37
119	decode	7.94658	1.89084	207.546	128.86	37	128.86	37
120	decode	7.94628	1.89834	208.362	128.772	37	128.86	37
121	decode	7.94599	1.89355	207.828	128.683	37	128.683	37
122	decode	7.94569	1.8847	206.849	128.683	37	128.683	37
123	decode	7.9454	1.88746	207.144	128.435	43	128.435	43
124	decode	7.9451	1.88525	206.894	128.435	43	128.435	43
125	decode	7.9448	1.88784	207.17	128.463	43	128.548	43
126	decode	7.94451	1.88863	207.249	128.548	43	128.548	43
127	decode	7.94421	1.88881	207.261	128.548	43	128.548	43
128	decode	7.94392	1.8922	207.625	128.846	46.75	128.946	48
129	decode	7.94362	1.89848	208.306	128.946	48	128.946	48
130	decode	7.94333	1.88775	207.12	128.946	48	128.946	48
131	decode	7.94303	1.8923	207.612	129.368	48	129.368	48
132	decode	7.94273	1.89014	207.367	129.368	48	129.368	48
133	decode	7.94244	1.89546	207.944	129.428	48	129.489	48
134	decode	7.94214	1.89493	207.878	129.489	48	129.489	48
135	decode	7.94185	1.90048	208.478	129.489	48	129.489	48
136	decode	7.94155	1.89855	208.259	129.452	48	129.452	48
137	decode	7.94126	1.89926	208.329	129.452	48	129.452	48
138	decode	7.94096	1.89384	207.727	129.656	45	129.859	48
139	decode	7.94067	1.89723	208.09	129.859	42	129.859	42
140	decode	7.94037	1.88039	206.236	129.859	42	129.859	42
141	decode	7.94008	1.89071	207.36	130.082	42	130.156	42
142	decode	7.93978	1.8937	207.68	130.156	42	130.156	42
143	decode	7.93949	1.879	206.06	130.22	40.75	130.413	42
144	decode	7.93919	1.89127	207.397	130.413	37	130.413	37
145	decode	7.9389	1.88784	207.014	130.413	37	130.413	37
146	decode	7.9386	1.88615	206.821	130.477	37	130.541	37
147	decode	7.93831	1.89152	207.402	130.541	37	130.541	37
148	decode	7.93801	1.89064	207.297	130.541	37	130.541	37
149	decode	7.93772	1.8487	202.691	130.797	40	130.797	40
150	decode	7.93742	1.88295	206.438	130.797	40	130.797	40
151	decode	7.93713	1.88697	206.871	130.517	40	130.797	40
152	decode	7.93683	1.88717	206.886	129.957	40	129.957	40
153	decode	7.93654	1.88537	206.68	129.957	40	129.957	40
154	decode	7.93624	1.88763	206.92	130.319	43	130.44	44
155	decode	7.93595	1.893	207.502	130.44	44	130.44	44
156	decode	7.93566	1.89111	207.287	130.558	44	130.676	44
157	decode	7.93536	1.90371	208.659	130.676	44	130.676	44
158	decode	7.93507	1.90691	209.002	130.676	44	130.676	44
159	decode	7.93477	1.89799	208.017	130.771	48.5	130.803	50
160	decode	7.93448	1.9	208.229	130.803	50	130.803	50
161	decode	7.93418	1.89666	207.855	130.777	50	130.803	50
162	decode	7.93389	1.89571	207.743	130.7	50	130.7	50
163	decode	7.93359	1.88937	207.041	130.7	50	130.7	50
164	decode	7.9333	1.89425	207.568	130.154	48.5	130.7	50
165	decode	7.93301	1.89282	207.403	129.608	47	129.608	47
166	decode	7.93271	1.89321	207.439	129.608	47	129.608	47
167	decode	7.93242	1.76541	193.428	129.994	47	129.994	47
168	decode	7.93212	1.85035	202.727	129.994	47	129.994	47
169	decode	7.93183	1.89511	207.623	129.807	45	129.994	47
170	decode	7.93154	1.88836	206.875	129.434	41	129.434	41
171	decode	7.93124	1.8993	208.067	129.434	41	129.434	41
172	decode	7.93095	1.88724	206.737	130.171	41	130.416	41
173	decode	7.93066	1.89814	207.923	130.416	41	130.416	41
174	decode	7.93036	1.88454	206.425	130.456	40.25	130.574	41
175	decode	7.93007	1.89551	207.62	130.574	38	130.574	38
176	decode	7.92977	1.89716	207.793	130.574	38	130.574	38
177	decode	7.92948	1.89217	207.238	130.591	38	130.597	38
178	decode	7.92919	1.89881	207.958	130.597	38	130.597	38
179	decode	7.92889	1.89089	207.082	130.555	38	130.597	38
180	decode	7.9286	1.8938	207.393	130.428	38	130.428	38
181	decode	7.92831	1.88727	206.67	130.428	38	130.428	38
182	decode	7.92801	1.88931	206.886	130.153	38	130.428	38
183	decode	7.92772	1.89661	207.678	129.877	38	129.877	38
184	decode	7.92743	1.89375	207.357	129.877	38	129.877	38
185	decode	7.92713	1.89617	207.614	130.66	44	130.66	44
186	decode	7.92684	1.88101	205.946	130.66	44	130.66	44
187	decode	7.92655	1.88599	206.483	130.731	44	130.945	44
188	decode	7.92625	1.82055	199.311	130.945	44	130.945	44
189	decode	7.92596	1.88206	206.038	130.945	44	130.945	44
190	decode	7.92567	1.88275	206.106	131.547	47.75	131.748	49
191	decode	7.92538	1.89021	206.915	131.748	49	131.748	49
192	decode	7.92508	1.89238	207.145	131.748	49	131.748	49
193	decode	7.92479	1.88935	206.805	131.414	49	131.414	49
194	decode	7.9245	1.89394	207.299	131.414	49	131.414	49
195	decode	7.9242	1.88413	206.218	131.494	49.5	131.574	50
196	decode	7.92391	1.89664	207.579	131.574	50	131.574	50
197	decode	7.92362	1.89779	207.697	131.574	50	131.574	50
198	decode	7.92333	1.84727	202.161	131.24	50	131.24	50
199	decode	7.92303	1.84694	202.117	131.24	50	131.24	50
200	decode	7.92274	1.84418	201.807	130.906	47	131.24	50
201	decode	7.92245	1.84745	202.157	130.573	44	130.573	44
202	decode	7.92216	1.84936	202.359	130.573	44	130.573	44
203	decode	7.92186	1.85419	202.88	130.644	44	130.644	44
204	decode	7.92157	1.85139	202.565	130.644	44	130.644	44
205	decode	7.92128	1.84018	201.331	130.496	42.5	130.644	44
206	decode	7.92099	1.8342	200.67	130.348	41	130.348	41
207	decode	7.92069	1.84297	201.622	130.348	41	130.348	41
208	decode	7.9204	1.84861	202.231	130.536	41	130.536	41
209	decode	7.92011	1.85199	202.593	130.536	41	130.536	41
210	decode	7.91982	1.85227	202.616	130.529	40.6667	130.536	41
211	decode	7.91953	1.83962	201.225	130.515	40	130.515	40
212	decode	7.91923	1.84025	201.287	130.515	40	130.515	40
213	decode	7.91894	1.84292	201.571	130.548	40	130.559	40
214	decode	7.91865	1.84637	201.941	130.559	40	130.559	40
215	decode	7.91836	1.85244	202.597	130.488	39.75	130.559	40
216	decode	7.91807	1.84963	202.281	130.276	39	130.276	39
217	decode	7.91777	1.8543	202.785	130.276	39	130.276	39
218	decode	7.91748	1.84296	201.537	130.704	39	130.847	39
219	decode	7.91719	1.8575	203.12	130.847	39	130.847	39
220	decode	7.9169	1.851	202.402	130.83	38	130.847	39
221	decode	7.91661	1.8447	201.704	130.813	37	130.813	37
222	decode	7.91632	1.84727	201.978	130.813	37	130.813	37
223	decode	7.91602	1.84337	201.544	131.029	37	131.101	37
224	decode	7.91573	1.81947	198.924	131.101	37	131.101	37
225	decode	7.91544	1.82566	199.592	131.04	36.75	131.101	37
226	decode	7.91515	1.84736	201.957	130.855	36	130.855	36
227	decode	7.91486	1.84666	201.873	130.855	36	130.855	36
228	decode	7.91457	1.84817	202.031	131.139	36	131.234	36
229	decode	7.91428	1.83787	200.898	131.234	36	131.234	36
230	decode	7.91398	1.83231	200.282	131.349	36	131.692	36
231	decode	7.91369	1.84078	201.201	131.692	36	131.692	36
232	decode	7.9134	1.83129	200.156	131.692	36	131.692	36
233	decode	7.91311	1.84296	201.423	131.555	36	131.692	36
234	decode	7.91282	1.84837	202.007	131.51	36	131.51	36
235	decode	7.91253	1.84806	201.965	131.601	35.75	131.875	36
236	decode	7.91224	1.84495	201.618	131.875	35	131.875	35
237	decode	7.91195	1.85807	203.044	131.875	35	131.875	35
238	decode	7.91166	1.8539	202.581	131.77	35	131.875	35
239	decode	7.91137	1.85588	202.79	131.665	35	131.665	35
240	decode	7.91107	1.85699	202.903	131.489	35.25	131.665	36
241	decode	7.91078	1.84738	201.846	130.963	36	130.963	36
242	decode	7.91049	1.84993	202.117	130.963	36	130.963	36
243	decode	7.9102	1.84999	202.116	130.72	36	130.963	36
244	decode	7.90991	1.85485	202.639	130.639	36	130.639	36
245	decode	7.90962	1.8506	202.168	130.619	36.25	130.639	37
246	decode	7.90933	1.84995	202.089	130.558	37	130.558	37
247	decode	7.90904	1.85881	203.049	130.558	37	130.558	37
248	decode	7.90875	1.85552	202.682	130.537	37	130.558	37
249	decode	7.90846	1.85551	202.673	130.526	37	130.526	37
250	decode	7.90817	1.84597	201.624	130.526	37	130.526	37
251	decode	7.90788	1.85234	202.312	130.752	39	130.752	39
252	decode	7.90759	1.85797	202.919	130.752	39	130.752	39
253	decode	7.9073	1.8587	202.991	130.565	39	130.752	39
254	decode	7.90701	1.85533	202.616	130.379	39	130.379	39
255	decode	7.90672	1.85333	202.39	130.379	39	130.379	39
