0	prefill	101.193	28.0789	4614.57	227.895	14	227.895	14
1	decode	1.00577	0.47107	64.9086	227.895	14	227.895	14
2	decode	1.00582	0.475171	65.4701	227.895	14	227.895	14
3	decode	1.00586	0.388015	53.4586	231.716	44.5	235.536	75
4	decode	1.00591	0.468442	64.5359	235.536	75	235.536	75
5	decode	1.00596	0.471415	64.942	235.536	75	235.536	75
6	decode	1.00601	0.471351	64.9297	235.536	75	235.536	75
7	decode	1.00606	0.471198	64.9051	235.536	75	235.536	75
8	decode	1.0061	0.425874	58.6588	235.536	75	235.536	75
9	decode	1.00615	0.470513	64.8037	235.536	75	235.536	75
10	decode	1.0062	0.470104	64.7439	239.628	75	239.628	75
11	decode	1.00625	0.474846	65.3935	239.628	75	239.628	75
12	decode	1.00629	0.472277	65.0361	239.628	75	239.628	75
13	decode	1.00634	0.472533	65.0678	239.628	75	239.628	75
14	decode	1.00639	0.468532	64.5134	239.628	75	239.628	75
15	decode	1.00644	0.470306	64.7541	239.628	75	239.628	75
16	decode	1.00648	0.458891	63.1791	229.936	72	239.628	75
17	decode	1.00653	0.468892	64.5526	220.245	69	220.245	69
18	decode	1.00658	0.468848	64.5429	220.245	69	220.245	69
19	decode	1.00663	0.467019	64.2877	220.245	69	220.245	69
20	decode	1.00667	0.471377	64.8841	220.245	69	220.245	69
21	decode	1.00672	0.472364	65.0164	220.245	69	220.245	69
22	decode	1.00677	0.471984	64.9606	220.245	69	220.245	69
23	decode	1.00682	0.471339	64.8682	195.327	69	195.327	69
24	decode	1.00687	0.460704	63.4012	195.327	69	195.327	69
25	decode	1.00691	0.467987	64.4	195.327	69	195.327	69
26	decode	1.00696	0.474523	65.2959	195.327	69	195.327	69
27	decode	1.00701	0.474081	65.2316	195.327	69	195.327	69
28	decode	1.00706	0.475812	65.4663	195.327	69	195.327	69
29	decode	1.0071	0.473745	65.1782	177.327	69	177.327	69
30	decode	1.00715	0.471407	64.8531	177.327	69	177.327	69
31	decode	1.0072	0.474189	65.2324	177.327	69	177.327	69
32	decode	1.00725	0.468914	64.5031	177.327	69	177.327	69
33	decode	1.00729	0.474338	65.2458	177.327	69	177.327	69
34	decode	1.00734	0.475368	65.3839	177.327	69	177.327	69
35	decode	1.00739	0.477371	65.6558	154.834	69	154.834	69
36	decode	1.00744	0.475697	65.422	154.834	69	154.834	69
37	decode	1.00748	0.475509	65.3927	154.834	69	154.834	69
38	decode	1.00753	0.469768	64.5997	154.834	69	154.834	69
39	decode	1.00758	0.47436	65.2276	154.834	69	154.834	69
40	decode	1.00763	0.467638	64.2999	154.834	69	154.834	69
41	decode	1.00767	0.474852	65.2882	154.834	69	154.834	69
42	decode	1.00772	0.457097	62.8436	161.106	69	161.106	69
43	decode	1.00777	0.477	65.5764	161.106	69	161.106	69
44	decode	1.00782	0.469477	64.5388	161.106	69	161.106	69
45	decode	1.00787	0.474829	65.271	161.106	69	161.106	69
46	decode	1.00791	0.442979	60.8895	161.106	69	161.106	69
47	decode	1.00796	0.478004	65.7002	161.106	69	161.106	69
48	decode	1.00801	0.46822	64.352	164.15	69	167.194	69
49	decode	1.00806	0.474757	65.2469	167.194	69	167.194	69
50	decode	1.0081	0.474041	65.145	167.194	69	167.194	69
51	decode	1.00815	0.476482	65.4769	167.194	69	167.194	69
52	decode	1.0082	0.475979	65.4043	167.194	69	167.194	69
53	decode	1.00825	0.473981	65.1262	167.194	69	167.194	69
54	decode	1.00829	0.47376	65.0923	167.194	69	167.194	69
55	decode	1.00834	0.474644	65.2102	173.698	70	173.698	70
56	decode	1.00839	0.471967	64.8389	173.698	70	173.698	70
57	decode	1.00844	0.475872	65.3719	173.698	70	173.698	70
58	decode	1.00848	0.476026	65.3895	173.698	70	173.698	70
59	decode	1.00853	0.474251	65.1421	173.698	70	173.698	70
60	decode	1.00858	0.472362	64.8791	173.698	70	173.698	70
61	decode	1.00863	0.475447	65.2994	172.558	70	173.698	70
62	decode	1.00867	0.472963	64.9547	171.418	70	171.418	70
63	decode	1.00872	0.469911	64.532	171.418	70	171.418	70
64	decode	1.00877	0.469659	64.494	171.418	70	171.418	70
65	decode	1.00882	0.475294	65.2643	171.418	70	171.418	70
66	decode	1.00886	0.474577	65.1623	171.418	70	171.418	70
67	decode	1.00891	0.475679	65.31	171.418	70	171.418	70
68	decode	1.00896	0.475169	65.2365	167.063	69	167.063	69
69	decode	1.00901	0.475071	65.2195	167.063	69	167.063	69
70	decode	1.00906	0.476453	65.4057	167.063	69	167.063	69
71	decode	1.0091	0.475836	65.3175	167.063	69	167.063	69
72	decode	1.00915	0.4742	65.0894	167.063	69	167.063	69
73	decode	1.0092	0.476561	65.41	167.063	69	167.063	69
74	decode	1.00925	0.478212	65.633	166.603	69	167.063	69
75	decode	1.00929	0.480895	65.9977	166.143	69	166.143	69
76	decode	1.00934	0.474928	65.1753	166.143	69	166.143	69
77	decode	1.00939	0.477191	65.4823	166.143	69	166.143	69
78	decode	1.00944	0.47512	65.1947	166.143	69	166.143	69
79	decode	1.00948	0.479449	65.785	166.143	69	166.143	69
80	decode	1.00953	0.4268	58.5579	166.216	69	166.29	69
81	decode	1.00958	0.473074	64.9034	166.29	69	166.29	69
82	decode	1.00963	0.472788	64.8606	166.29	69	166.29	69
83	decode	1.00967	0.474664	65.1145	166.29	69	166.29	69
84	decode	1.00972	0.472921	64.8719	166.29	69	166.29	69
85	decode	1.00977	0.454138	62.292	166.29	69	166.29	69
86	decode	1.00982	0.474158	65.0346	166.29	69	166.29	69
87	decode	1.00986	0.479441	65.7556	166.123	69	166.123	69
88	decode	1.00991	0.46907	64.3298	166.123	69	166.123	69
89	decode	1.00996	0.477095	65.4268	166.123	69	166.123	69
90	decode	1.01001	0.476889	65.395	166.123	69	166.123	69
91	decode	1.01005	0.479149	65.7014	166.123	69	166.123	69
92	decode	1.0101	0.475433	65.1883	166.123	69	166.123	69
93	decode	1.01015	0.475649	65.2144	165.993	69	166.123	69
94	decode	1.0102	0.474399	65.0395	165.864	69	165.864	69
95	decode	1.01025	0.474782	65.0885	165.864	69	165.864	69
96	decode	1.01029	0.471944	64.696	165.864	69	165.864	69
97	decode	1.01034	0.47785	65.502	165.864	69	165.864	69
98	decode	1.01039	0.475271	65.145	165.864	69	165.864	69
99	decode	1.01044	0.476744	65.3435	165.864	69	165.864	69
100	decode	1.01048	0.474875	65.0837	165.875	69	165.875	69
101	decode	1.01053	0.475791	65.2057	165.875	69	165.875	69
102	decode	1.01058	0.473441	64.8803	165.875	69	165.875	69
103	decode	1.01063	0.475508	65.1599	165.875	69	165.875	69
104	decode	1.01067	0.472549	64.7511	165.875	69	165.875	69
105	decode	1.01072	0.477999	65.4942	165.875	69	165.875	69
106	decode	1.01077	0.475652	65.1691	165.875	69	165.875	69
107	decode	1.01082	0.47646	65.2763	165.95	69	165.95	69
108	decode	1.01086	0.475456	65.1352	165.95	69	165.95	69
109	decode	1.01091	0.475999	65.2062	165.95	69	165.95	69
110	decode	1.01096	0.47601	65.2041	165.95	69	165.95	69
111	decode	1.01101	0.47792	65.4623	165.95	69	165.95	69
112	decode	1.01105	0.473237	64.8174	165.95	69	165.95	69
113	decode	1.0111	0.476058	65.2002	166.425	69	166.425	69
114	decode	1.01115	0.472138	64.6599	166.425	69	166.425	69
115	decode	1.0112	0.476158	65.2069	166.425	69	166.425	69
116	decode	1.01124	0.472099	64.6476	166.425	69	166.425	69
117	decode	1.01129	0.478204	65.48	166.425	69	166.425	69
118	decode	1.01134	0.474767	65.0059	166.425	69	166.425	69
119	decode	1.01139	0.480725	65.8181	166.425	69	166.425	69
120	decode	1.01143	0.472743	64.7218	166.398	69	166.398	69
121	decode	1.01148	0.479534	65.648	166.398	69	166.398	69
122	decode	1.01153	0.476848	65.2768	166.398	69	166.398	69
123	decode	1.01158	0.480017	65.7071	166.398	69	166.398	69
124	decode	1.01162	0.419047	57.3581	166.398	69	166.398	69
125	decode	1.01167	0.478783	65.531	166.398	69	166.398	69
126	decode	1.01172	0.477606	65.3665	166.395	69	166.398	69
127	decode	1.01177	0.481357	65.8763	166.392	69	166.392	69
128	decode	1.01181	0.471771	64.5609	166.392	69	166.392	69
129	decode	1.01186	0.478632	65.4963	166.392	69	166.392	69
130	decode	1.01191	0.477751	65.3722	166.392	69	166.392	69
131	decode	1.01196	0.477789	65.3739	166.392	69	166.392	69
132	decode	1.01201	0.476288	65.165	166.469	70	166.469	70
133	decode	1.01205	0.476829	65.2356	166.469	70	166.469	70
134	decode	1.0121	0.477008	65.2565	166.469	70	166.469	70
135	decode	1.01215	0.47683	65.2287	166.469	70	166.469	70
136	decode	1.0122	0.471669	64.5192	166.469	70	166.469	70
137	decode	1.01224	0.475613	65.0551	166.469	70	166.469	70
138	decode	1.01229	0.478723	65.4771	166.469	70	166.469	70
139	decode	1.01234	0.475071	64.9741	166.424	70	166.424	70
140	decode	1.01239	0.476212	65.1266	166.424	70	166.424	70
141	decode	1.01243	0.476489	65.1609	166.424	70	166.424	70
142	decode	1.01248	0.478005	65.3648	166.424	70	166.424	70
143	decode	1.01253	0.477905	65.3476	166.424	70	166.424	70
144	decode	1.01258	0.469672	64.2184	166.424	70	166.424	70
145	decode	1.01262	0.476667	65.1713	166.63	69.5	166.837	70
146	decode	1.01267	0.476638	65.1638	166.837	69	166.837	69
147	decode	1.01272	0.475211	64.9653	166.837	69	166.837	69
148	decode	1.01277	0.474458	64.8589	166.837	69	166.837	69
149	decode	1.01281	0.475252	64.9638	166.837	69	166.837	69
150	decode	1.01286	0.474775	64.8951	166.837	69	166.837	69
151	decode	1.01291	0.475331	64.9677	166.837	69	166.837	69
152	decode	1.01296	0.467139	63.8446	167.044	69	167.044	69
153	decode	1.013	0.477648	65.2774	167.044	69	167.044	69
154	decode	1.01305	0.472042	64.5078	167.044	69	167.044	69
155	decode	1.0131	0.476976	65.1784	167.044	69	167.044	69
156	decode	1.01315	0.475495	64.9727	167.044	69	167.044	69
157	decode	1.01319	0.477908	65.2989	167.044	69	167.044	69
158	decode	1.01324	0.471104	64.3658	167.319	69.5	167.593	70
159	decode	1.01329	0.477974	65.3008	167.593	70	167.593	70
160	decode	1.01334	0.467503	63.8669	167.593	70	167.593	70
161	decode	1.01338	0.477425	65.2188	167.593	70	167.593	70
162	decode	1.01343	0.473048	64.6174	167.593	70	167.593	70
163	decode	1.01348	0.47801	65.2917	167.593	70	167.593	70
164	decode	1.01353	0.472878	64.5873	167.593	70	167.593	70
165	decode	1.01357	0.449909	61.4468	167.132	70	167.132	70
166	decode	1.01362	0.468464	63.9775	167.132	70	167.132	70
167	decode	1.01367	0.474246	64.7637	167.132	70	167.132	70
168	decode	1.01372	0.470242	64.2135	167.132	70	167.132	70
169	decode	1.01376	0.475043	64.8656	167.132	70	167.132	70
170	decode	1.01381	0.474602	64.8019	167.132	70	167.132	70
171	decode	1.01386	0.474581	64.7956	167.444	69	167.755	70
172	decode	1.01391	0.476089	64.9979	167.755	68	167.755	68
173	decode	1.01395	0.474318	64.7526	167.755	68	167.755	68
174	decode	1.014	0.473626	64.6547	167.755	68	167.755	68
175	decode	1.01405	0.475507	64.908	167.755	68	167.755	68
176	decode	1.0141	0.471265	64.3255	167.755	68	167.755	68
177	decode	1.01414	0.476795	65.0768	167.755	68	167.755	68
178	decode	1.01419	0.47409	64.7042	167.877	68	167.877	68
179	decode	1.01424	0.476511	65.0312	167.877	68	167.877	68
180	decode	1.01429	0.47587	64.9401	167.877	68	167.877	68
181	decode	1.01433	0.477499	65.1589	167.877	68	167.877	68
182	decode	1.01438	0.474743	64.7795	167.877	68	167.877	68
183	decode	1.01443	0.474975	64.8076	167.877	68	167.877	68
184	decode	1.01448	0.468446	63.9134	167.807	69	167.807	69
185	decode	1.01452	0.480132	65.5042	167.807	69	167.807	69
186	decode	1.01457	0.474387	64.717	167.807	69	167.807	69
187	decode	1.01462	0.480135	65.4975	167.807	69	167.807	69
188	decode	1.01467	0.476615	65.014	167.807	69	167.807	69
189	decode	1.01471	0.477563	65.1398	167.807	69	167.807	69
190	decode	1.01476	0.462553	63.0889	167.818	69	167.829	69
191	decode	1.01481	0.478026	65.1958	167.829	69	167.829	69
192	decode	1.01486	0.469086	63.9731	167.829	69	167.829	69
193	decode	1.0149	0.478687	65.2791	167.829	69	167.829	69
194	decode	1.01495	0.477346	65.0927	167.829	69	167.829	69
195	decode	1.015	0.479408	65.3703	167.829	69	167.829	69
196	decode	1.01505	0.475138	64.7847	167.829	69	167.829	69
197	decode	1.0151	0.47909	65.32	168.184	69	168.184	69
198	decode	1.01514	0.475549	64.8337	168.184	69	168.184	69
199	decode	1.01519	0.479412	65.3568	168.184	69	168.184	69
200	decode	1.01524	0.469419	63.9911	168.184	69	168.184	69
201	decode	1.01529	0.480774	65.5355	168.184	69	168.184	69
202	decode	1.01533	0.47663	64.9672	168.184	69	168.184	69
203	decode	1.01538	0.477173	65.0377	168.171	69	168.184	69
204	decode	1.01543	0.477674	65.1025	168.158	69	168.158	69
205	decode	1.01548	0.476432	64.9297	168.158	69	168.158	69
206	decode	1.01552	0.47725	65.0377	168.158	69	168.158	69
207	decode	1.01557	0.47756	65.0765	168.158	69	168.158	69
208	decode	1.01562	0.431661	58.8187	168.158	69	168.158	69
209	decode	1.01567	0.473129	64.4658	168.158	69	168.158	69
210	decode	1.01571	0.477124	65.0066	167.888	69	167.888	69
211	decode	1.01576	0.476748	64.9519	167.888	69	167.888	69
212	decode	1.01581	0.423512	57.696	167.888	69	167.888	69
213	decode	1.01586	0.472668	64.3892	167.888	69	167.888	69
214	decode	1.0159	0.472145	64.3145	167.888	69	167.888	69
215	decode	1.01595	0.473916	64.5522	167.888	69	167.888	69
216	decode	1.016	0.46521	63.363	168.061	69	168.234	69
217	decode	1.01605	0.475866	64.8109	168.234	69	168.234	69
218	decode	1.01609	0.470159	64.0303	168.234	69	168.234	69
219	decode	1.01614	0.471411	64.1973	168.234	69	168.234	69
220	decode	1.01619	0.467031	63.5974	168.234	69	168.234	69
221	decode	1.01624	0.481499	65.5641	168.234	69	168.234	69
222	decode	1.01628	0.47586	64.7928	168.234	69	168.234	69
223	decode	1.01633	0.478203	65.1083	167.675	69	167.675	69
224	decode	1.01638	0.470278	64.0258	167.675	69	167.675	69
225	decode	1.01643	0.471978	64.2538	167.675	69	167.675	69
226	decode	1.01647	0.475953	64.7915	167.675	69	167.675	69
227	decode	1.01652	0.478968	65.1984	167.675	69	167.675	69
228	decode	1.01657	0.476214	64.8201	167.675	69	167.675	69
229	decode	1.01662	0.476296	64.8277	167.649	69	167.675	69
230	decode	1.01666	0.478872	65.1749	167.623	69	167.623	69
231	decode	1.01671	0.476393	64.8341	167.623	69	167.623	69
232	decode	1.01676	0.469324	63.8686	167.623	69	167.623	69
233	decode	1.01681	0.477694	65.0042	167.623	69	167.623	69
234	decode	1.01685	0.477256	64.9412	167.623	69	167.623	69
235	decode	1.0169	0.477145	64.9226	167.581	69	167.623	69
236	decode	1.01695	0.476633	64.8494	167.538	69	167.538	69
237	decode	1.017	0.469727	63.9063	167.538	69	167.538	69
238	decode	1.01704	0.476893	64.8778	167.538	69	167.538	69
239	decode	1.01709	0.478864	65.1424	167.538	69	167.538	69
240	decode	1.01714	0.470652	64.022	167.538	69	167.538	69
241	decode	1.01719	0.478895	65.1397	167.538	69	167.538	69
242	decode	1.01723	0.474568	64.5477	167.016	69	167.016	69
243	decode	1.01728	0.478206	65.0391	167.016	69	167.016	69
244	decode	1.01733	0.475576	64.6778	167.016	69	167.016	69
245	decode	1.01738	0.480499	65.3439	167.016	69	167.016	69
246	decode	1.01742	0.474747	64.5582	167.016	69	167.016	69
247	decode	1.01747	0.48136	65.454	167.016	69	167.016	69
248	decode	1.01752	0.472773	64.283	167.178	69	167.341	69
249	decode	1.01756	0.480187	65.2876	167.341	69	167.341	69
250	decode	1.01761	0.475854	64.695	167.341	69	167.341	69
251	decode	1.01766	0.478447	65.044	167.341	69	167.341	69
252	decode	1.01771	0.476429	64.7662	167.341	69	167.341	69
253	decode	1.01775	0.480353	65.2962	167.341	69	167.341	69
254	decode	1.0178	0.476574	64.779	167.341	69	167.341	69
255	decode	1.01785	0.477296	64.8736	167.049	69	167.049	69
