0	prefill	1599.47	163.065	26798.6	259.41	72	266.785	72
1	decode	15.8958	7.0453	970.77	266.785	72	266.785	72
2	decode	15.8949	7.26347	1000.78	266.785	72	266.785	72
3	decode	15.8941	7.39197	1018.43	266.785	72	266.785	72
4	decode	15.8932	7.30989	1007.06	266.785	72	266.785	72
5	decode	15.8924	7.39001	1018.05	275.138	81.5	283.49	91
6	decode	15.8915	7.4232	1022.56	283.49	91	283.49	91
7	decode	15.8907	7.44616	1025.67	283.49	91	283.49	91
8	decode	15.8898	6.62651	912.718	283.49	91	283.49	91
9	decode	15.889	7.29907	1005.3	283.49	91	283.49	91
10	decode	15.8881	7.27678	1002.18	283.49	91	283.49	91
11	decode	15.8873	7.41134	1020.65	283.49	91	283.49	91
12	decode	15.8864	7.31522	1007.36	263.202	91	263.202	91
13	decode	15.8856	7.37378	1015.37	263.202	91	263.202	91
14	decode	15.8848	7.39555	1018.31	263.202	91	263.202	91
15	decode	15.8839	7.43157	1023.22	263.202	91	263.202	91
16	decode	15.8831	6.70297	922.849	263.202	91	263.202	91
17	decode	15.8822	7.3866	1016.92	263.202	91	263.202	91
18	decode	15.8814	7.43893	1024.06	240.48	80	240.48	80
19	decode	15.8805	7.47883	1029.5	240.48	80	240.48	80
20	decode	15.8797	7.50471	1033.01	240.48	80	240.48	80
21	decode	15.8788	7.46649	1027.69	240.48	80	240.48	80
22	decode	15.878	7.52633	1035.87	240.48	80	240.48	80
23	decode	15.8771	7.4654	1027.43	240.48	80	240.48	80
24	decode	15.8763	7.35637	1012.37	240.48	80	240.48	80
25	decode	15.8754	7.44979	1025.17	218.35	80	218.35	80
26	decode	15.8746	7.49269	1031.02	218.35	80	218.35	80
27	decode	15.8737	7.53022	1036.13	218.35	80	218.35	80
28	decode	15.8729	7.49422	1031.12	218.35	80	218.35	80
29	decode	15.8721	7.51082	1033.35	218.35	80	218.35	80
30	decode	15.8712	7.51094	1033.31	213.356	80	218.35	80
31	decode	15.8704	7.57248	1041.72	208.361	82	208.361	82
32	decode	15.8695	7.4209	1020.81	208.361	82	208.361	82
33	decode	15.8687	7.57698	1042.22	208.361	82	208.361	82
34	decode	15.8678	7.44542	1024.07	208.361	82	208.361	82
35	decode	15.867	7.5547	1039.05	208.361	82	208.361	82
36	decode	15.8661	7.43842	1023	208.361	82	208.361	82
37	decode	15.8653	7.52889	1035.38	218.425	82	218.425	82
38	decode	15.8645	7.49271	1030.35	218.425	82	218.425	82
39	decode	15.8636	7.57497	1041.61	218.425	82	218.425	82
40	decode	15.8628	7.41985	1020.22	218.425	82	218.425	82
41	decode	15.8619	7.54082	1036.8	218.425	82	218.425	82
42	decode	15.8611	7.49333	1030.21	218.425	82	218.425	82
43	decode	15.8602	7.0434	968.304	223.726	82	229.027	82
44	decode	15.8594	7.50239	1031.35	229.027	82	229.027	82
45	decode	15.8586	7.51829	1033.48	229.027	82	229.027	82
46	decode	15.8577	7.51683	1033.22	229.027	82	229.027	82
47	decode	15.8569	7.49826	1030.61	229.027	82	229.027	82
48	decode	15.856	7.41742	1019.45	229.027	82	229.027	82
49	decode	15.8552	7.44669	1023.41	229.027	82	229.027	82
50	decode	15.8544	7.49041	1029.37	235.375	82	235.375	82
51	decode	15.8535	7.52007	1033.39	235.375	82	235.375	82
52	decode	15.8527	7.49477	1029.86	235.375	82	235.375	82
53	decode	15.8518	7.50099	1030.65	235.375	82	235.375	82
54	decode	15.851	7.48764	1028.77	235.375	82	235.375	82
55	decode	15.8502	7.5148	1032.44	235.375	82	235.375	82
56	decode	15.8493	7.37112	1012.65	227.029	82.5	235.375	83
57	decode	15.8485	7.51888	1032.89	218.684	83	218.684	83
58	decode	15.8476	7.45915	1024.63	218.684	83	218.684	83
59	decode	15.8468	7.57809	1040.91	218.684	83	218.684	83
60	decode	15.846	7.50599	1030.95	218.684	83	218.684	83
61	decode	15.8451	7.55645	1037.83	218.684	83	218.684	83
62	decode	15.8443	7.51693	1032.34	218.684	83	218.684	83
63	decode	15.8434	7.54191	1035.72	214.633	83	214.633	83
64	decode	15.8426	7.4089	1017.4	214.633	83	214.633	83
65	decode	15.8418	7.56094	1038.22	214.633	83	214.633	83
66	decode	15.8409	7.5443	1035.88	214.633	83	214.633	83
67	decode	15.8401	7.51768	1032.17	214.633	83	214.633	83
68	decode	15.8392	7.51687	1032	214.633	83	214.633	83
69	decode	15.8384	7.5477	1036.18	207.483	83.5	214.633	84
70	decode	15.8376	7.53561	1034.46	200.332	84	200.332	84
71	decode	15.8367	7.45027	1022.69	200.332	84	200.332	84
72	decode	15.8359	7.47255	1025.69	200.332	84	200.332	84
73	decode	15.8351	7.51454	1031.4	200.332	84	200.332	84
74	decode	15.8342	7.47382	1025.76	200.332	84	200.332	84
75	decode	15.8334	7.50639	1030.17	200.332	84	200.332	84
76	decode	15.8325	7.45492	1023.05	201.321	84	201.321	84
77	decode	15.8317	7.51492	1031.23	201.321	84	201.321	84
78	decode	15.8309	7.50319	1029.57	201.321	84	201.321	84
79	decode	15.83	7.56739	1038.32	201.321	84	201.321	84
80	decode	15.8292	6.72365	922.501	201.321	84	201.321	84
81	decode	15.8284	7.15449	981.56	201.321	84	201.321	84
82	decode	15.8275	7.46778	1024.49	201.829	84	202.337	84
83	decode	15.8267	7.55544	1036.46	202.337	84	202.337	84
84	decode	15.8259	7.49953	1028.73	202.337	84	202.337	84
85	decode	15.825	7.5645	1037.59	202.337	84	202.337	84
86	decode	15.8242	7.46051	1023.27	202.337	84	202.337	84
87	decode	15.8234	7.49799	1028.35	202.337	84	202.337	84
88	decode	15.8225	7.42692	1018.55	204.247	84	204.247	84
89	decode	15.8217	7.55569	1036.16	204.247	84	204.247	84
90	decode	15.8209	7.55591	1036.13	204.247	84	204.247	84
91	decode	15.82	7.49965	1028.36	204.247	84	204.247	84
92	decode	15.8192	7.5552	1035.92	204.247	84	204.247	84
93	decode	15.8184	7.54268	1034.15	204.247	84	204.247	84
94	decode	15.8175	7.52366	1031.49	204.247	84	204.247	84
95	decode	15.8167	7.55444	1035.65	204.1	85	204.1	85
96	decode	15.8159	7.46705	1023.61	204.1	85	204.1	85
97	decode	15.815	7.52886	1032.03	204.1	85	204.1	85
98	decode	15.8142	7.53668	1033.05	204.1	85	204.1	85
99	decode	15.8134	7.57373	1038.07	204.1	85	204.1	85
100	decode	15.8125	7.55725	1035.75	204.1	85	204.1	85
101	decode	15.8117	7.59016	1040.21	203.867	85	203.867	85
102	decode	15.8109	7.54114	1033.44	203.867	85	203.867	85
103	decode	15.81	7.57215	1037.63	203.867	85	203.867	85
104	decode	15.8092	7.4161	1016.19	203.867	85	203.867	85
105	decode	15.8084	7.601	1041.47	203.867	85	203.867	85
106	decode	15.8075	7.53508	1032.38	203.867	85	203.867	85
107	decode	15.8067	7.60826	1042.35	203.867	85	203.867	85
108	decode	15.8059	7.5361	1032.41	204.654	85	204.654	85
109	decode	15.805	7.6052	1041.82	204.654	85	204.654	85
110	decode	15.8042	7.51648	1029.61	204.654	85	204.654	85
111	decode	15.8034	7.59632	1040.49	204.654	85	204.654	85
112	decode	15.8025	7.44565	1019.8	204.654	85	204.654	85
113	decode	15.8017	7.56919	1036.66	204.654	85	204.654	85
114	decode	15.8009	7.58986	1039.44	205.834	85	205.834	85
115	decode	15.8001	7.53208	1031.47	205.834	85	205.834	85
116	decode	15.7992	7.54754	1033.53	205.834	85	205.834	85
117	decode	15.7984	7.5839	1038.46	205.834	85	205.834	85
118	decode	15.7976	7.5589	1034.98	205.834	85	205.834	85
119	decode	15.7967	7.58605	1038.64	205.834	85	205.834	85
120	decode	15.7959	6.62463	906.958	205.834	85	205.834	85
121	decode	15.7951	7.5351	1031.55	206.772	85	206.772	85
122	decode	15.7943	7.57174	1036.51	206.772	85	206.772	85
123	decode	15.7934	7.59427	1039.54	206.772	85	206.772	85
124	decode	15.7926	7.54654	1032.95	206.772	85	206.772	85
125	decode	15.7918	7.63887	1045.53	206.772	85	206.772	85
126	decode	15.7909	7.54471	1032.59	206.772	85	206.772	85
127	decode	15.7901	7.64412	1046.14	207.909	85	207.909	85
128	decode	15.7893	7.41803	1015.14	207.909	85	207.909	85
129	decode	15.7885	7.62943	1044.02	207.909	85	207.909	85
130	decode	15.7876	7.565	1035.14	207.909	85	207.909	85
131	decode	15.7868	7.61487	1041.91	207.909	85	207.909	85
132	decode	15.786	7.50568	1026.92	207.909	85	207.909	85
133	decode	15.7852	7.627	1043.46	207.909	85	207.909	85
134	decode	15.7843	7.51181	1027.64	208.419	86	208.419	86
135	decode	15.7835	7.60561	1040.42	208.419	86	208.419	86
136	decode	15.7827	7.29455	997.815	208.419	86	208.419	86
137	decode	15.7819	7.58841	1037.96	208.419	86	208.419	86
138	decode	15.781	7.53785	1030.99	208.419	86	208.419	86
139	decode	15.7802	7.5366	1030.76	208.839	86	209.259	86
140	decode	15.7794	7.592	1038.28	209.259	86	209.259	86
141	decode	15.7786	7.54642	1031.99	209.259	86	209.259	86
142	decode	15.7777	7.51915	1028.21	209.259	86	209.259	86
143	decode	15.7769	7.54433	1031.59	209.259	86	209.259	86
144	decode	15.7761	6.85842	937.753	209.259	86	209.259	86
145	decode	15.7753	7.53636	1030.39	209.259	86	209.259	86
146	decode	15.7744	7.54704	1031.8	210.331	86	210.331	86
147	decode	15.7736	7.55755	1033.18	210.331	86	210.331	86
148	decode	15.7728	7.52851	1029.15	210.331	86	210.331	86
149	decode	15.772	7.57453	1035.39	210.331	86	210.331	86
150	decode	15.7711	7.51657	1027.41	210.331	86	210.331	86
151	decode	15.7703	7.60932	1040.03	210.331	86	210.331	86
152	decode	15.7695	7.39966	1011.32	210.414	86	210.498	86
153	decode	15.7687	7.58655	1036.81	210.498	86	210.498	86
154	decode	15.7678	7.55995	1033.12	210.498	86	210.498	86
155	decode	15.767	7.63285	1043.02	210.498	86	210.498	86
156	decode	15.7662	7.54747	1031.3	210.498	86	210.498	86
157	decode	15.7654	7.60881	1039.63	210.498	86	210.498	86
158	decode	15.7646	7.53468	1029.44	210.498	86	210.498	86
159	decode	15.7637	7.63865	1043.59	212.036	87	212.036	87
160	decode	15.7629	7.43486	1015.7	212.036	87	212.036	87
161	decode	15.7621	7.10066	969.988	212.036	87	212.036	87
162	decode	15.7613	7.51224	1026.16	212.036	87	212.036	87
163	decode	15.7604	7.61508	1040.15	212.036	87	212.036	87
164	decode	15.7596	7.59565	1037.44	212.036	87	212.036	87
165	decode	15.7588	7.59952	1037.91	212.765	87	213.494	87
166	decode	15.758	7.60016	1037.94	213.494	87	213.494	87
167	decode	15.7572	7.60765	1038.91	213.494	87	213.494	87
168	decode	15.7563	7.52508	1027.58	213.494	87	213.494	87
169	decode	15.7555	7.59159	1036.61	213.494	87	213.494	87
170	decode	15.7547	7.57114	1033.76	213.494	87	213.494	87
171	decode	15.7539	7.59503	1036.96	213.494	87	213.494	87
172	decode	15.7531	7.62182	1040.57	213.754	87	213.754	87
173	decode	15.7522	7.61535	1039.63	213.754	87	213.754	87
174	decode	15.7514	7.58311	1035.17	213.754	87	213.754	87
175	decode	15.7506	7.63411	1042.08	213.754	87	213.754	87
176	decode	15.7498	7.47852	1020.78	213.754	87	213.754	87
177	decode	15.749	7.62614	1040.88	213.754	87	213.754	87
178	decode	15.7481	7.53942	1028.99	214.248	87	214.742	87
179	decode	15.7473	7.6148	1039.22	214.742	87	214.742	87
180	decode	15.7465	7.54173	1029.19	214.742	87	214.742	87
181	decode	15.7457	7.56657	1032.53	214.742	87	214.742	87
182	decode	15.7449	7.52105	1026.26	214.742	87	214.742	87
183	decode	15.7441	7.57291	1033.28	214.742	87	214.742	87
184	decode	15.7432	7.42422	1012.94	214.742	87	214.742	87
185	decode	15.7424	7.60072	1036.96	216.462	88	216.462	88
186	decode	15.7416	7.52153	1026.1	216.462	88	216.462	88
187	decode	15.7408	7.59834	1036.53	216.462	88	216.462	88
188	decode	15.74	7.51738	1025.43	216.462	88	216.462	88
189	decode	15.7392	7.60598	1037.46	216.462	88	216.462	88
190	decode	15.7383	7.57828	1033.62	216.462	88	216.462	88
191	decode	15.7375	7.56384	1031.6	216.599	88	216.599	88
192	decode	15.7367	7.50653	1023.73	216.599	88	216.599	88
193	decode	15.7359	7.58058	1033.77	216.599	88	216.599	88
194	decode	15.7351	7.61036	1037.78	216.599	88	216.599	88
195	decode	15.7343	7.59579	1035.73	216.599	88	216.599	88
196	decode	15.7334	7.61438	1038.21	216.599	88	216.599	88
197	decode	15.7326	7.58092	1033.6	216.873	88	217.147	88
198	decode	15.7318	7.59052	1034.85	217.147	88	217.147	88
199	decode	15.731	7.57927	1033.26	217.147	88	217.147	88
200	decode	15.7302	7.54671	1028.77	217.147	88	217.147	88
201	decode	15.7294	7.60593	1036.78	217.147	88	217.147	88
202	decode	15.7286	7.58014	1033.21	217.147	88	217.147	88
203	decode	15.7277	7.62749	1039.61	217.147	88	217.147	88
204	decode	15.7269	7.55896	1030.22	218.444	88	218.444	88
205	decode	15.7261	7.62544	1039.22	218.444	88	218.444	88
206	decode	15.7253	7.59583	1035.13	218.444	88	218.444	88
207	decode	15.7245	6.76584	921.972	218.444	88	218.444	88
208	decode	15.7237	6.66962	908.812	218.444	88	218.444	88
209	decode	15.7229	7.56954	1031.38	218.444	88	218.444	88
210	decode	15.722	7.57919	1032.64	219.381	89	219.381	89
211	decode	15.7212	7.56753	1031	219.381	89	219.381	89
212	decode	15.7204	7.31251	996.199	219.381	89	219.381	89
213	decode	15.7196	7.5805	1032.65	219.381	89	219.381	89
214	decode	15.7188	7.5365	1026.6	219.381	89	219.381	89
215	decode	15.718	7.56058	1029.83	219.381	89	219.381	89
216	decode	15.7172	7.48153	1019.01	219.381	89	219.381	89
217	decode	15.7164	7.55757	1029.31	219.942	89	219.942	89
218	decode	15.7155	7.57321	1031.38	219.942	89	219.942	89
219	decode	15.7147	7.58808	1033.35	219.942	89	219.942	89
220	decode	15.7139	7.45397	1015.04	219.942	89	219.942	89
221	decode	15.7131	7.55318	1028.49	219.942	89	219.942	89
222	decode	15.7123	7.44849	1014.18	219.942	89	219.942	89
223	decode	15.7115	7.53616	1026.06	220.621	89	220.621	89
224	decode	15.7107	7.38913	1005.99	220.621	89	220.621	89
225	decode	15.7099	7.54172	1026.71	220.621	89	220.621	89
226	decode	15.7091	7.52844	1024.85	220.621	89	220.621	89
227	decode	15.7082	7.60473	1035.18	220.621	89	220.621	89
228	decode	15.7074	7.51233	1022.54	220.621	89	220.621	89
229	decode	15.7066	7.58172	1031.93	220.779	89	220.936	89
230	decode	15.7058	7.58201	1031.92	220.936	89	220.936	89
231	decode	15.705	7.61248	1036.01	220.936	89	220.936	89
232	decode	15.7042	7.48051	1018	220.936	89	220.936	89
233	decode	15.7034	7.59348	1033.31	220.936	89	220.936	89
234	decode	15.7026	7.63546	1038.97	220.936	89	220.936	89
235	decode	15.7018	7.60866	1035.27	220.936	89	220.936	89
236	decode	15.701	7.57681	1030.88	221.908	89	221.908	89
237	decode	15.7002	7.60753	1035	221.908	89	221.908	89
238	decode	15.6993	7.58414	1031.77	221.908	89	221.908	89
239	decode	15.6985	7.59661	1033.41	221.908	89	221.908	89
240	decode	15.6977	7.45775	1014.46	221.908	89	221.908	89
241	decode	15.6969	7.53419	1024.81	221.908	89	221.908	89
242	decode	15.6961	7.52803	1023.91	222.467	89	222.467	89
243	decode	15.6953	7.52974	1024.09	222.467	89	222.467	89
244	decode	15.6945	7.51783	1022.42	222.467	89	222.467	89
245	decode	15.6937	7.619	1036.12	222.467	89	222.467	89
246	decode	15.6929	7.51069	1021.34	222.467	89	222.467	89
247	decode	15.6921	7.62776	1037.2	222.467	89	222.467	89
248	decode	15.6913	7.48596	1017.87	222.421	89	222.467	89
249	decode	15.6905	7.66053	1041.55	222.374	89	222.374	89
250	decode	15.6897	7.55447	1027.07	222.374	89	222.374	89
251	decode	15.6889	7.66847	1042.51	222.374	89	222.374	89
252	decode	15.688	7.5943	1032.38	222.374	89	222.374	89
253	decode	15.6872	7.66611	1042.08	222.374	89	222.374	89
254	decode	15.6864	7.55696	1027.19	222.374	89	222.374	89
255	decode	15.6856	7.63514	1037.76	223.741	89	223.741	89
