0	prefill	1180.12	428.828	30646.5	128.128	26	130.477	26
8	decode	15.8542	8.4385	560.494	150.356	60.6667	160.295	78
9	decode	15.8526	8.56301	568.745	160.295	78	160.295	78
10	decode	15.851	8.58734	570.341	160.295	78	160.295	78
11	decode	15.8493	8.58598	570.231	162.047	78	165.55	78
12	decode	15.8477	8.57626	569.565	165.55	78	165.55	78
13	decode	15.8461	8.55433	568.089	165.55	78	165.55	78
14	decode	15.8444	8.55878	568.365	165.55	78	165.55	78
15	decode	15.8428	8.60363	571.324	171.181	51.3333	173.997	78
16	decode	15.8412	8.60291	571.255	173.997	38	173.997	38
17	decode	15.8395	8.60933	571.662	173.997	38	173.997	38
18	decode	15.8379	8.60597	571.419	173.997	38	173.997	38
19	decode	15.8363	8.60437	571.293	178.149	38	178.149	38
20	decode	15.8346	8.61833	572.2	178.149	38	178.149	38
21	decode	15.833	8.5824	569.794	178.149	38	178.149	38
22	decode	15.8314	7.75438	514.804	182.61	36.5	187.071	38
23	decode	15.8298	8.36468	555.301	187.071	35	187.071	35
24	decode	15.8281	8.5724	569.071	187.071	35	187.071	35
25	decode	15.8265	8.60769	571.394	187.071	35	187.071	35
26	decode	15.8249	8.60866	571.439	190.461	35	190.461	35
27	decode	15.8232	8.57136	568.943	190.461	35	190.461	35
28	decode	15.8216	8.58222	569.644	190.461	35	190.461	35
29	decode	15.82	8.63188	572.92	196.456	35.6667	199.453	36
30	decode	15.8184	8.63819	573.319	199.453	36	199.453	36
31	decode	15.8167	8.62444	572.387	199.453	36	199.453	36
32	decode	15.8151	8.63285	572.925	199.453	36	199.453	36
33	decode	15.8135	8.61922	572	186.973	36	186.973	36
34	decode	15.8119	8.63937	573.317	186.973	36	186.973	36
35	decode	15.8102	8.64646	573.768	186.973	36	186.973	36
36	decode	15.8086	8.6124	571.488	188.257	34	189.542	36
37	decode	15.807	8.6387	573.213	189.542	32	189.542	32
38	decode	15.8054	8.62126	572.036	189.542	32	189.542	32
39	decode	15.8037	8.63579	572.98	189.542	32	189.542	32
40	decode	15.8021	8.6421	573.379	188.806	32	188.806	32
41	decode	15.8005	8.60524	570.914	188.806	32	188.806	32
42	decode	15.7989	8.62216	572.016	188.806	32	188.806	32
43	decode	15.7973	8.62254	572.021	181.008	31.3333	188.806	32
44	decode	15.7956	8.63791	573.021	165.413	30	165.413	30
45	decode	15.794	8.62291	572.007	165.413	30	165.413	30
46	decode	15.7924	8.62627	572.209	165.413	30	165.413	30
47	decode	15.7908	8.63355	572.672	163.919	30	165.413	30
48	decode	15.7892	8.65726	574.225	163.172	30	163.172	30
49	decode	15.7875	8.34007	553.167	163.172	30	163.172	30
50	decode	15.7859	8.34999	553.806	163.172	30	163.172	30
51	decode	15.7843	8.3735	555.345	161.999	33	161.999	33
52	decode	15.7827	8.37688	555.55	161.999	33	161.999	33
53	decode	15.7811	8.31842	551.654	161.999	33	161.999	33
54	decode	15.7795	8.37661	555.494	162.412	33	162.619	33
55	decode	15.7778	8.37732	555.522	162.619	33	162.619	33
56	decode	15.7762	8.38517	556.023	162.619	33	162.619	33
57	decode	15.7746	8.34254	553.177	162.619	33	162.619	33
58	decode	15.773	8.36963	554.954	161.342	31	161.342	31
59	decode	15.7714	8.35386	553.889	161.342	31	161.342	31
60	decode	15.7698	8.369	554.873	161.342	31	161.342	31
61	decode	15.7682	8.34254	553.1	162.618	31	162.618	31
62	decode	15.7665	8.29217	549.742	162.618	31	162.618	31
63	decode	15.7649	8.3761	555.286	162.618	31	162.618	31
64	decode	15.7633	8.35221	553.684	162.591	30.5	162.618	31
65	decode	15.7617	8.33566	552.567	162.565	30	162.565	30
66	decode	15.7601	8.33194	552.301	162.565	30	162.565	30
67	decode	15.7585	8.32923	552.102	162.565	30	162.565	30
68	decode	15.7569	8.32419	551.749	162.585	30	162.585	30
69	decode	15.7553	8.35559	553.811	162.585	30	162.585	30
70	decode	15.7537	8.3423	552.911	162.585	30	162.585	30
71	decode	15.7521	8.33422	552.356	162.625	30	162.665	30
72	decode	15.7504	8.28108	548.816	162.665	30	162.665	30
73	decode	15.7488	8.36249	554.191	162.665	30	162.665	30
74	decode	15.7472	8.36094	554.069	162.665	30	162.665	30
75	decode	15.7456	8.33806	552.534	162.012	30	162.012	30
76	decode	15.744	8.34748	553.139	162.012	30	162.012	30
77	decode	15.7424	8.35546	553.648	162.012	30	162.012	30
78	decode	15.7408	8.35338	553.492	162.617	32	162.92	33
79	decode	15.7392	8.36682	554.363	162.92	33	162.92	33
80	decode	15.7376	8.36619	554.302	162.92	33	162.92	33
81	decode	15.736	8.34812	553.085	162.92	33	162.92	33
82	decode	15.7344	8.36443	554.147	161.969	33	161.969	33
83	decode	15.7328	8.35445	553.466	161.969	33	161.969	33
84	decode	15.7312	8.3016	549.946	161.969	33	161.969	33
85	decode	15.7296	8.34668	552.913	162.696	35	163.059	36
86	decode	15.728	8.33266	551.965	163.059	36	163.059	36
87	decode	15.7264	8.37866	554.993	163.059	36	163.059	36
88	decode	15.7248	8.36993	554.396	163.059	36	163.059	36
89	decode	15.7232	8.38681	555.494	162.266	36	162.266	36
90	decode	15.7216	8.36479	554.016	162.266	36	162.266	36
91	decode	15.72	8.37356	554.579	162.266	36	162.266	36
92	decode	15.7184	8.37182	554.444	163.172	38	163.172	38
93	decode	15.7168	8.36403	553.908	163.172	38	163.172	38
94	decode	15.7152	8.38683	555.399	163.172	38	163.172	38
95	decode	15.7136	8.37172	554.379	162.911	38	163.172	38
96	decode	15.712	7.51015	497.309	162.39	38	162.39	38
97	decode	15.7104	8.30959	550.227	162.39	38	162.39	38
98	decode	15.7088	8.35605	553.284	162.39	38	162.39	38
99	decode	15.7072	8.3499	552.857	163.265	39	163.265	39
100	decode	15.7056	8.33737	552.009	163.265	39	163.265	39
101	decode	15.704	8.35055	552.862	163.265	39	163.265	39
102	decode	15.7024	8.36769	553.978	163.132	39	163.265	39
103	decode	15.7008	8.35495	553.115	163.065	39	163.065	39
104	decode	15.6992	8.32916	551.389	163.065	39	163.065	39
105	decode	15.6976	8.37642	554.498	163.065	39	163.065	39
106	decode	15.696	8.35237	552.887	163.189	37	163.189	37
107	decode	15.6944	8.37246	554.197	163.189	37	163.189	37
108	decode	15.6929	8.3663	553.77	163.189	37	163.189	37
109	decode	15.6913	8.36811	553.871	163.396	37	163.5	37
110	decode	15.6897	8.34292	552.184	163.5	37	163.5	37
111	decode	15.6881	8.33689	551.766	163.5	37	163.5	37
112	decode	15.6865	8.3627	553.455	163.5	37	163.5	37
113	decode	15.6849	8.37652	554.351	163.055	33	163.055	33
114	decode	15.6833	8.36466	553.547	163.055	33	163.055	33
115	decode	15.6817	8.29913	549.191	163.055	33	163.055	33
116	decode	15.6801	8.36343	553.427	163.294	33	163.414	33
117	decode	15.6785	8.3388	551.778	163.414	33	163.414	33
118	decode	15.677	8.33673	551.622	163.414	33	163.414	33
119	decode	15.6754	8.36734	553.628	163.247	33	163.414	33
120	decode	15.6738	8.37914	554.39	162.913	30	162.913	30
121	decode	15.6722	8.36632	553.522	162.913	30	162.913	30
122	decode	15.6706	8.34773	552.273	162.913	30	162.913	30
123	decode	15.669	8.37857	554.294	163.273	30	163.273	30
124	decode	15.6674	8.35346	552.614	163.273	30	163.273	30
125	decode	15.6659	8.3361	551.446	163.273	30	163.273	30
126	decode	15.6643	8.32042	550.39	163.251	30.3333	163.273	31
127	decode	15.6627	8.30415	549.294	163.208	31	163.208	31
128	decode	15.6611	8.30387	549.257	163.208	31	163.208	31
129	decode	15.6595	8.27239	547.156	163.208	31	163.208	31
130	decode	15.6579	8.321	550.352	163.106	31	163.106	31
131	decode	15.6564	8.35141	552.344	163.106	31	163.106	31
132	decode	15.6548	8.06603	533.451	163.106	31	163.106	31
133	decode	15.6532	8.2503	545.619	163.48	31	163.667	31
134	decode	15.6516	8.32157	550.313	163.667	31	163.667	31
135	decode	15.65	8.3208	550.243	163.667	31	163.667	31
136	decode	15.6484	8.31165	549.619	163.667	31	163.667	31
137	decode	15.6469	8.33237	550.97	162.223	31	162.223	31
138	decode	15.6453	8.33894	551.385	162.223	31	162.223	31
139	decode	15.6437	8.32584	550.5	162.223	31	162.223	31
140	decode	15.6421	8.31501	549.765	163.316	34.3333	163.863	36
141	decode	15.6406	8.31439	549.705	163.863	36	163.863	36
142	decode	15.639	8.32514	550.397	163.863	36	163.863	36
143	decode	15.6374	8.32526	550.385	163.863	36	163.863	36
144	decode	15.6358	8.35585	552.389	163.201	36	163.201	36
145	decode	15.6342	8.33548	551.023	163.201	36	163.201	36
146	decode	15.6327	8.3385	551.203	163.201	36	163.201	36
147	decode	15.6311	8.2834	547.543	163.354	38.6667	163.43	40
148	decode	15.6295	8.34924	551.875	163.43	40	163.43	40
149	decode	15.6279	8.33176	550.701	163.43	40	163.43	40
150	decode	15.6264	8.34685	551.679	163.611	40	163.701	40
151	decode	15.6248	8.32826	550.431	163.701	40	163.701	40
152	decode	15.6232	8.3523	552.001	163.701	40	163.701	40
153	decode	15.6217	8.34932	551.785	163.701	40	163.701	40
154	decode	15.6201	8.36462	552.777	163.876	40	163.876	40
155	decode	15.6185	8.36052	552.487	163.876	40	163.876	40
156	decode	15.6169	8.36516	552.774	163.876	40	163.876	40
157	decode	15.6154	8.35067	551.797	164.225	40	164.399	40
158	decode	15.6138	8.35677	552.182	164.399	40	164.399	40
159	decode	15.6122	8.35304	551.916	164.399	40	164.399	40
160	decode	15.6107	8.33948	551.001	164.399	40	164.399	40
161	decode	15.6091	8.3273	550.177	164.549	37	164.549	37
162	decode	15.6075	8.32093	549.737	164.549	37	164.549	37
163	decode	15.6059	8.34355	551.213	164.549	37	164.549	37
164	decode	15.6044	8.34446	551.254	164.984	37	165.201	37
165	decode	15.6028	8.35069	551.646	165.201	37	165.201	37
166	decode	15.6012	8.33595	550.653	165.201	37	165.201	37
167	decode	15.5997	8.28419	547.215	165.201	37	165.201	37
168	decode	15.5981	7.53244	497.541	164.293	33	164.293	33
169	decode	15.5965	8.26585	545.966	164.293	33	164.293	33
170	decode	15.595	8.31915	549.468	164.293	33	164.293	33
171	decode	15.5934	8.33949	550.792	164.785	33	165.031	33
172	decode	15.5918	8.2876	547.346	165.031	33	165.031	33
173	decode	15.5903	8.32964	550.103	165.031	33	165.031	33
174	decode	15.5887	8.30945	548.751	165.235	32.3333	165.644	33
175	decode	15.5872	8.3136	549.006	165.644	31	165.644	31
176	decode	15.5856	8.34454	551.03	165.644	31	165.644	31
177	decode	15.584	8.30104	548.139	165.644	31	165.644	31
178	decode	15.5825	8.25955	545.38	165.624	31	165.624	31
179	decode	15.5809	8.28052	546.746	165.624	31	165.624	31
180	decode	15.5793	8.29795	547.878	165.624	31	165.624	31
181	decode	15.5778	8.3146	548.958	166.059	32.3333	166.277	33
182	decode	15.5762	8.29699	547.776	166.277	33	166.277	33
183	decode	15.5747	8.30545	548.316	166.277	33	166.277	33
184	decode	15.5731	8.28691	547.073	166.114	33	166.277	33
185	decode	15.5715	8.30694	548.376	165.787	33	165.787	33
186	decode	15.57	8.29621	547.649	165.787	33	165.787	33
187	decode	15.5684	8.3085	548.441	165.787	33	165.787	33
188	decode	15.5669	8.30219	548.006	165.964	39	165.964	39
189	decode	15.5653	8.28911	547.124	165.964	39	165.964	39
190	decode	15.5638	8.30209	547.961	165.964	39	165.964	39
191	decode	15.5622	8.30393	548.064	165.767	39	165.964	39
192	decode	15.5606	8.30537	548.139	165.374	39	165.374	39
193	decode	15.5591	8.31336	548.648	165.374	39	165.374	39
194	decode	15.5575	8.30171	547.86	165.374	39	165.374	39
195	decode	15.556	8.29601	547.465	165.62	41	165.62	41
196	decode	15.5544	8.25021	544.424	165.62	41	165.62	41
197	decode	15.5529	8.28557	546.738	165.62	41	165.62	41
198	decode	15.5513	8.27903	546.288	165.748	41	166.004	41
199	decode	15.5498	8.29533	547.344	166.004	41	166.004	41
200	decode	15.5482	8.30017	547.645	166.004	41	166.004	41
201	decode	15.5467	8.2955	547.318	166.004	41	166.004	41
202	decode	15.5451	8.29817	547.475	166.125	36	166.125	36
203	decode	15.5435	7.99753	527.622	166.125	36	166.125	36
204	decode	15.542	8.19636	540.721	166.125	36	166.125	36
205	decode	15.5404	8.29615	547.285	166.277	36	166.353	36
206	decode	15.5389	8.3137	548.423	166.353	36	166.353	36
207	decode	15.5373	8.30025	547.517	166.353	36	166.353	36
208	decode	15.5358	8.30915	548.086	166.515	36	166.677	36
209	decode	15.5342	8.26014	544.834	166.677	31	166.677	31
210	decode	15.5327	8.26856	545.371	166.677	31	166.677	31
211	decode	15.5311	8.31613	548.489	166.677	31	166.677	31
212	decode	15.5296	8.27456	545.728	166.332	31	166.332	31
213	decode	15.5281	8.28445	546.362	166.332	31	166.332	31
214	decode	15.5265	8.28492	546.374	166.332	31	166.332	31
215	decode	15.525	8.30175	547.465	166.533	31	166.633	31
216	decode	15.5234	8.28766	546.517	166.633	31	166.633	31
217	decode	15.5219	8.31438	548.26	166.633	31	166.633	31
218	decode	15.5203	8.31442	548.244	166.633	31	166.633	31
219	decode	15.5188	8.33184	549.373	166.57	31	166.57	31
220	decode	15.5172	8.31452	548.212	166.57	31	166.57	31
221	decode	15.5157	8.30474	547.549	166.57	31	166.57	31
222	decode	15.5141	8.30405	547.484	166.825	34.3333	166.952	36
223	decode	15.5126	8.31705	548.322	166.952	36	166.952	36
224	decode	15.5111	8.29507	546.854	166.952	36	166.952	36
225	decode	15.5095	8.30769	547.667	166.918	36	166.952	36
226	decode	15.508	8.29267	546.658	166.85	36	166.85	36
227	decode	15.5064	8.28476	546.118	166.85	36	166.85	36
228	decode	15.5049	8.24505	543.482	166.85	36	166.85	36
229	decode	15.5033	8.27963	545.742	166.71	38.6667	166.85	40
230	decode	15.5018	8.32425	548.665	166.64	40	166.64	40
231	decode	15.5003	8.27737	545.555	166.64	40	166.64	40
232	decode	15.4987	8.292	546.501	166.984	40	167.672	40
233	decode	15.4972	8.27482	545.35	167.672	40	167.672	40
234	decode	15.4956	8.28648	546.099	167.672	40	167.672	40
235	decode	15.4941	8.31078	547.682	167.672	40	167.672	40
236	decode	15.4926	8.29498	546.622	166.57	38	166.57	38
237	decode	15.491	8.29715	546.746	166.57	38	166.57	38
238	decode	15.4895	8.23337	542.524	166.57	38	166.57	38
239	decode	15.488	8.26864	544.829	167.079	38	167.333	38
240	decode	15.4864	8.27604	545.298	167.333	38	167.333	38
241	decode	15.4849	8.19823	540.153	167.333	38	167.333	38
242	decode	15.4834	8.26612	544.607	167.321	36	167.333	38
243	decode	15.4818	8.30784	547.337	167.297	32	167.297	32
244	decode	15.4803	8.28887	546.068	167.297	32	167.297	32
245	decode	15.4787	8.29745	546.615	167.297	32	167.297	32
246	decode	15.4772	8.29794	546.628	166.233	32	166.233	32
247	decode	15.4757	8.3098	547.39	166.233	32	166.233	32
248	decode	15.4741	8.31022	547.399	166.233	32	166.233	32
249	decode	15.4726	8.20091	540.18	166.746	31.6667	167.772	32
250	decode	15.4711	8.29935	546.645	167.772	31	167.772	31
251	decode	15.4696	8.29687	546.463	167.772	31	167.772	31
252	decode	15.468	8.28546	545.693	167.772	31	167.772	31
253	decode	15.4665	8.30583	547.015	166.925	31	166.925	31
254	decode	15.465	8.27783	545.153	166.925	31	166.925	31
255	decode	15.4634	8.28889	545.862	166.925	31	166.925	31
