0	prefill	1586.37	22.271	2877.41	28.1097	96	34.777	98
1	decode	31.4982	2.73682	301.749	31.6155	89.125	33.196	95
2	decode	31.4899	2.80783	309.566	28.2281	90.8571	29.244	94
3	decode	31.4817	2.78278	306.794	25.5183	91.8571	26.478	94
4	decode	31.4735	2.82959	311.942	23.4293	91.8571	24.107	94
5	decode	31.4653	2.86714	316.069	21.6939	92.5	22.14	97
6	decode	31.4571	2.79458	308.059	20.4594	92.625	20.954	96
7	decode	31.449	2.73928	301.952	19.5205	92.625	19.768	95
8	decode	31.4408	2.76304	304.559	18.8073	90.7143	18.977	94
9	decode	31.4326	2.74996	303.106	18.186	92.2857	18.186	94
10	decode	31.4244	2.7476	302.834	17.791	92.375	17.791	95
11	decode	31.4163	2.74481	302.515	17.395	92.6667	17.395	96
12	decode	31.4081	2.742	302.194	17	92.25	17	95
13	decode	31.3999	2.78148	306.534	16.6544	91.25	17	96
14	decode	31.3918	2.7167	299.383	16.605	91.375	16.605	95
15	decode	31.3836	2.79557	308.063	16.605	92.25	16.605	96
16	decode	31.3755	2.73326	301.185	16.605	92.875	16.605	96
17	decode	31.3673	2.73256	301.096	16.4565	91	16.605	94
18	decode	31.3592	2.72735	300.511	16.506	92.125	16.605	95
19	decode	31.3511	2.77006	305.205	16.4565	92.5	16.605	95
20	decode	31.343	2.7066	298.202	16.2656	91.7143	16.605	94
21	decode	31.3348	2.80248	308.755	16.209	91.5714	16.209	94
22	decode	31.3267	2.70325	297.811	16.209	92.5	16.209	95
23	decode	31.3186	2.72754	300.475	16.407	92	16.605	94
24	decode	31.3105	2.70782	298.291	16.429	91.3333	16.605	96
25	decode	31.3024	2.74133	301.972	16.506	92.875	16.605	95
26	decode	31.2943	2.68862	296.154	16.605	92.5	16.605	94
27	decode	31.2862	2.73936	301.732	16.605	91.125	16.605	94
28	decode	31.2781	2.68139	295.335	16.605	91.25	16.605	94
29	decode	31.2701	2.77825	305.992	16.605	92.7778	16.605	96
30	decode	31.262	2.6615	293.122	16.5555	92.625	16.605	94
31	decode	31.2539	2.7226	299.84	16.605	92	16.605	94
32	decode	31.2458	2.63217	289.87	16.605	93	16.605	97
33	decode	31.2378	2.70336	297.698	16.605	92.25	16.605	94
34	decode	31.2297	2.65109	291.931	16.605	92.875	16.605	94
35	decode	31.2217	2.71103	298.521	16.605	92.7778	16.605	96
36	decode	31.2136	2.64435	291.167	16.6544	93.125	17	95
37	decode	31.2056	2.74031	301.722	16.605	92.75	16.605	96
38	decode	31.1975	2.61389	287.791	16.605	92.5	16.605	94
39	decode	31.1895	2.67361	294.356	16.6544	92.625	17	94
40	decode	31.1815	2.61327	287.701	16.7367	91.8889	17	94
41	decode	31.1735	2.66398	293.273	16.8683	91.5556	17	96
42	decode	31.1654	2.59516	285.686	17	92.625	17	94
43	decode	31.1574	2.65494	292.255	17	91.875	17	94
44	decode	31.1494	2.59581	285.736	17	92.7778	17	94
45	decode	31.1414	2.69323	296.448	17	92.1111	17	96
46	decode	31.1334	2.5766	283.6	17	92.25	17	94
47	decode	31.1254	2.63008	289.475	17	92.1111	17	97
48	decode	31.1174	2.57431	283.326	17	92.375	17	94
49	decode	31.1094	2.60711	286.925	17	92.6667	17	94
50	decode	31.1015	2.56584	282.373	17	92.3333	17	94
51	decode	31.0935	2.58809	284.811	17	91.8889	17	94
52	decode	31.0855	2.55636	281.308	17.0987	92.5	17.395	94
53	decode	31.0775	2.64501	291.053	17	90.125	17	94
54	decode	31.0696	2.53843	279.314	17	92.625	17	94
55	decode	31.0616	2.58677	284.622	17	92.25	17	94
56	decode	31.0537	2.54896	280.452	17	93	17	95
57	decode	31.0457	2.5686	282.602	17.2194	92.3333	17.395	94
58	decode	31.0378	2.52617	277.922	17.1975	92.25	17.395	95
59	decode	31.0298	2.5551	281.095	17.3072	92	17.395	94
60	decode	31.0219	2.49936	274.953	17.2633	92.1111	17.395	96
61	decode	31.014	2.5855	284.417	17.0494	92.25	17.395	95
62	decode	31.006	2.45625	270.19	17	91.5556	17	95
63	decode	30.9981	2.52765	278.033	17.1756	92.6667	17.395	96
64	decode	30.9902	2.44635	269.081	17.3072	93.1111	17.395	97
65	decode	30.9823	2.52827	278.08	17.395	92.375	17.395	94
66	decode	30.9744	2.44327	268.721	17.395	93.2	17.395	96
67	decode	30.9665	2.42722	266.946	17.395	93.1111	17.395	96
68	decode	30.9586	2.44519	268.911	17.395	93.1111	17.395	96
69	decode	30.9507	2.53546	278.829	17.395	93.25	17.395	95
70	decode	30.9428	2.43195	267.435	17.3511	93	17.395	95
71	decode	30.9349	2.38353	262.101	17.395	93.5556	17.395	96
72	decode	30.9271	2.41871	265.96	17.395	93.5556	17.395	95
73	decode	30.9192	2.37433	261.07	17.395	93.5556	17.395	96
74	decode	30.9113	2.40059	263.947	17.483	93	17.791	95
75	decode	30.9034	2.36306	259.811	17.439	92.6667	17.791	95
76	decode	30.8956	2.40256	264.144	17.439	93.4444	17.791	96
77	decode	30.8877	2.45584	269.991	17.395	92	17.395	96
78	decode	30.8799	2.4286	266.987	17.395	93.3333	17.395	96
79	decode	30.872	2.40471	264.35	17.395	92.8889	17.395	95
80	decode	30.8642	2.41904	265.915	17.527	92	17.791	95
81	decode	30.8563	2.40835	264.73	17.571	93.2222	17.791	96
82	decode	30.8485	2.39976	263.776	17.6326	93.6	17.791	97
83	decode	30.8407	2.38398	262.031	17.703	92.8889	17.791	94
84	decode	30.8329	2.40714	264.567	17.703	92.2222	17.791	94
85	decode	30.825	2.44631	268.862	17.659	93.4444	17.791	96
86	decode	30.8172	2.3974	263.476	17.527	93.2222	17.791	95
87	decode	30.8094	2.36762	260.194	17.571	93.1111	17.791	95
88	decode	30.8016	2.36749	260.17	17.615	90.5556	17.791	94
89	decode	30.7938	2.35766	259.08	17.791	92.7778	17.791	95
90	decode	30.786	2.35913	259.232	17.791	91.8	17.791	96
91	decode	30.7782	2.34585	257.763	17.791	92.8889	17.791	94
92	decode	30.7704	2.36293	259.629	17.791	93.7	17.791	97
93	decode	30.7627	2.41385	265.214	17.791	93.1111	17.791	95
94	decode	30.7549	2.35265	258.48	17.703	92.5556	17.791	94
95	decode	30.7471	2.32436	255.362	17.791	93.3	17.791	95
96	decode	30.7393	2.34235	257.33	17.791	92.5	17.791	96
97	decode	30.7316	2.31622	254.449	17.791	93	17.791	95
98	decode	30.7238	2.33709	256.732	17.8305	92.4	18.186	97
99	decode	30.7161	2.31298	254.073	17.9227	93.1111	18.186	95
100	decode	30.7083	2.34562	257.65	17.9095	92.9	18.186	95
101	decode	30.7006	2.38728	262.215	17.791	93.2222	17.791	95
102	decode	30.6928	2.33348	256.296	17.791	91.7778	17.791	94
103	decode	30.6851	2.28965	251.473	17.791	93	17.791	94
104	decode	30.6773	2.33521	256.467	17.8305	93.2	18.186	94
105	decode	30.6696	2.28248	250.667	17.9095	92.4	18.186	95
106	decode	30.6619	2.31805	254.563	17.9885	93.8	18.186	97
107	decode	30.6542	2.29357	251.865	18.186	93.3	18.186	95
108	decode	30.6464	2.30284	252.874	18.186	93.4	18.186	97
109	decode	30.6387	2.35171	258.231	17.9666	93.7778	18.186	96
110	decode	30.631	2.30664	253.272	17.949	93.1	18.186	96
111	decode	30.6233	2.26258	248.425	18.1465	93.6	18.186	96
112	decode	30.6156	2.3019	252.733	18.186	93.2	18.186	96
113	decode	30.6079	2.25805	247.909	18.186	93.5	18.186	95
114	decode	30.6003	2.28481	250.837	18.186	93.1111	18.186	95
115	decode	30.5926	2.25003	247.009	18.186	93.7	18.186	96
116	decode	30.5849	2.28206	250.516	18.186	93.5	18.186	96
117	decode	30.5772	2.30776	253.328	18.186	93.6667	18.186	95
118	decode	30.5695	2.27333	249.54	18.028	92.6	18.186	95
119	decode	30.5619	2.23513	245.336	18.186	92.5455	18.186	96
120	decode	30.5542	2.26421	248.52	18.186	93.4	18.186	96
121	decode	30.5466	2.245	246.401	18.186	93.2222	18.186	95
122	decode	30.5389	2.26611	248.71	18.186	93.4444	18.186	95
123	decode	30.5313	2.21356	242.932	18.2255	93.3	18.581	95
124	decode	30.5236	2.25384	247.343	18.3045	92.8	18.581	95
125	decode	30.516	2.28362	250.603	18.186	93	18.186	95
126	decode	30.5083	2.23702	245.48	18.186	93.1	18.186	95
127	decode	30.5007	2.16014	237.034	18.186	93.7	18.186	95
128	decode	30.4931	2.21262	242.783	18.2219	93.2727	18.581	96
129	decode	30.4854	2.15048	235.956	18.3045	93.5	18.581	95
130	decode	30.4778	2.22691	244.333	18.344	93.1	18.581	95
131	decode	30.4702	2.14396	235.223	18.4015	93.9091	18.581	97
132	decode	30.4626	2.20705	242.136	18.4625	93.3	18.581	95
133	decode	30.455	2.26545	248.533	18.186	93.6667	18.186	95
134	decode	30.4474	2.20364	241.744	18.2255	93.8	18.581	97
135	decode	30.4398	2.12201	232.78	18.3296	93.8182	18.581	96
136	decode	30.4322	2.19856	241.168	18.423	93.6	18.581	95
137	decode	30.4246	2.1376	234.472	18.5092	93.2727	18.581	95
138	decode	30.417	2.18816	240.009	18.581	92.9	18.581	95
139	decode	30.4095	2.10265	230.621	18.581	94	18.581	96
140	decode	30.4019	2.1818	239.293	18.581	93.8182	18.581	96
141	decode	30.3943	2.20902	242.27	18.581	92.6	18.581	95
142	decode	30.3868	2.16962	237.939	18.423	93.3	18.581	95
143	decode	30.3792	2.09922	230.21	18.581	93.2727	18.581	95
144	decode	30.3716	2.13423	234.04	18.581	93.1818	18.581	97
145	decode	30.3641	2.08643	228.791	18.581	94.0909	18.581	97
146	decode	30.3565	2.15288	236.068	18.581	93.9091	18.581	96
147	decode	30.349	2.07966	228.031	18.581	93.25	18.581	96
148	decode	30.3415	2.14809	235.525	18.6206	93.8	18.977	95
149	decode	30.3339	2.18419	239.475	18.581	92.9	18.581	95
150	decode	30.3264	2.14716	235.405	18.5415	93.5	18.581	95
151	decode	30.3189	2.069	226.827	18.581	94	18.581	95
152	decode	30.3113	2.14193	234.814	18.6602	93.9	18.977	95
153	decode	30.3038	2.05567	225.35	18.713	94.4167	18.977	97
154	decode	30.2963	2.13218	233.727	18.6192	93.8	18.977	95
155	decode	30.2888	2.04754	224.441	18.797	94.0909	18.977	96
156	decode	30.2813	2.12136	232.524	18.7355	93.7	18.969	95
157	decode	30.2738	2.14247	234.83	18.6105	93.7273	18.969	97
158	decode	30.2663	2.11181	231.46	18.5753	93.7273	18.581	97
159	decode	30.2588	2.09251	229.336	18.574	93.3	18.574	95
160	decode	30.2513	2.11618	231.922	18.8186	93.9	18.977	95
161	decode	30.2438	2.09969	230.106	18.941	94	18.977	97
162	decode	30.2363	2.10545	230.728	18.977	93.8	18.977	95
163	decode	30.2289	2.08352	228.316	18.977	94.0909	18.977	97
164	decode	30.2214	2.09769	229.86	18.977	93.7	18.977	95
165	decode	30.2139	2.12898	233.28	18.977	93.8	18.977	95
166	decode	30.2065	2.08958	228.955	18.761	93.4545	18.977	97
167	decode	30.199	2.07697	227.564	18.905	94	18.977	96
168	decode	30.1916	2.0826	228.172	18.977	94	18.977	95
169	decode	30.1841	2.08365	228.278	18.977	93.9	18.977	95
170	decode	30.1767	2.0799	227.859	18.977	93.7	18.977	95
171	decode	30.1692	2.07447	227.256	19.0085	93.9091	19.364	96
172	decode	30.1618	2.05924	225.579	18.977	93.3636	18.977	96
173	decode	30.1543	2.11404	231.573	18.9754	93.8	18.977	95
174	decode	30.1469	2.06241	225.909	18.9393	94.0833	18.977	97
175	decode	30.1395	2.04082	223.536	18.977	94	18.977	96
176	decode	30.1321	2.05722	225.324	18.977	93.7273	18.977	96
177	decode	30.1247	2.04711	224.208	18.977	93.9	18.977	95
178	decode	30.1172	2.04536	224.008	19.0955	94.1	19.372	95
179	decode	30.1098	2.03623	222.999	19.1565	94.2727	19.372	97
180	decode	30.1024	2.04159	223.578	19.2132	94.1	19.372	95
181	decode	30.095	2.07415	227.135	19.0115	94.5455	19.364	97
182	decode	30.0876	2.03553	222.898	18.977	93	18.977	95
183	decode	30.0802	2.02059	221.253	18.977	93.7273	18.977	95
184	decode	30.0729	2.02965	222.237	19.1087	93.5833	19.372	97
185	decode	30.0655	2.0068	219.727	19.1565	94	19.372	96
186	decode	30.0581	2.0267	221.897	19.214	93.9	19.372	95
187	decode	30.0507	2.00782	219.822	19.3002	93.9091	19.372	96
188	decode	30.0434	2.00788	219.821	19.2284	93.4545	19.372	96
189	decode	30.036	2.05581	225.059	18.977	93.8182	18.977	96
190	decode	30.0286	2.0115	220.2	18.977	94	18.977	95
191	decode	30.0213	1.99194	218.05	19.1416	93.4167	19.372	96
192	decode	30.0139	2.01106	220.135	19.2535	93.9	19.372	95
193	decode	30.0066	1.99188	218.028	19.372	94.1818	19.372	95
194	decode	29.9992	1.99334	218.179	19.372	93.3636	19.372	95
195	decode	29.9919	1.98723	217.502	19.372	94	19.372	95
196	decode	29.9845	1.99355	218.186	19.3698	93.0909	19.372	95
197	decode	29.9772	2.02665	221.8	19.2733	94.0833	19.372	96
198	decode	29.9699	1.99117	217.909	19.1206	94	19.372	96
199	decode	29.9626	1.97372	215.991	19.2643	94.0909	19.372	95
200	decode	29.9552	1.98215	216.905	19.372	94.4167	19.372	97
201	decode	29.9479	1.96996	215.563	19.372	94	19.372	95
202	decode	29.9406	1.95986	214.45	19.372	93.7273	19.372	95
203	decode	29.9333	1.96986	215.536	19.403	93.25	19.76	95
204	decode	29.926	1.96972	215.513	19.4327	93.5	19.768	96
205	decode	29.9187	2.03559	222.711	19.3676	94	19.372	96
206	decode	29.9114	1.96111	214.554	19.3698	94	19.372	95
207	decode	29.9041	1.94736	213.043	19.364	94.25	19.364	97
208	decode	29.8968	1.95837	214.239	19.364	93.5	19.364	96
209	decode	29.8895	1.94561	212.835	19.444	93.9091	19.768	95
210	decode	29.8823	1.95664	214.033	19.588	94	19.768	95
211	decode	29.875	1.93458	211.612	19.6766	94.4615	19.768	97
212	decode	29.8677	1.94071	212.274	19.768	94.4167	19.768	97
213	decode	29.8604	2.01428	220.313	19.372	94.1818	19.372	96
214	decode	29.8532	1.93693	211.845	19.372	94.0833	19.372	96
215	decode	29.8459	1.938	211.954	19.48	94.0909	19.768	95
216	decode	29.8387	1.93076	211.154	19.5852	94.3077	19.768	97
217	decode	29.8314	1.93397	211.497	19.66	94	19.768	95
218	decode	29.8242	1.91229	209.119	19.6017	93.8333	19.768	97
219	decode	29.8169	1.90639	208.466	19.5844	94	19.768	95
220	decode	29.8097	1.92539	210.536	19.6527	94	19.76	95
221	decode	29.8025	1.9738	215.821	19.364	93.4545	19.364	96
222	decode	29.7952	1.90774	208.59	19.364	93.5	19.364	96
223	decode	29.788	1.9067	208.469	19.4367	94.0909	19.76	95
224	decode	29.7808	1.89131	206.778	19.5873	93.7273	19.768	95
225	decode	29.7736	1.91131	208.956	19.702	94	19.768	95
226	decode	29.7663	1.89196	206.833	19.7653	94	19.768	97
227	decode	29.7591	1.89408	207.058	19.7673	94.3333	19.768	96
228	decode	29.7519	1.90271	207.993	19.7627	94.3333	19.768	96
229	decode	29.7447	1.97475	215.86	19.7658	94.2727	19.768	96
230	decode	29.7375	1.89537	207.174	19.5297	93.3333	19.76	95
231	decode	29.7303	1.8992	207.586	19.7323	94.5	19.768	96
232	decode	29.7231	1.89203	206.794	19.768	94.3333	19.768	96
233	decode	29.716	1.89137	206.714	19.768	93.9167	19.768	95
234	decode	29.7088	1.87913	205.369	19.768	93.5833	19.768	95
235	decode	29.7016	1.89245	206.816	19.8398	94	20.163	95
236	decode	29.6944	1.87691	205.111	19.7629	94.1818	19.768	95
237	decode	29.6873	1.94677	212.737	19.768	94	19.768	95
238	decode	29.6801	1.87192	204.551	19.636	93.25	19.768	95
239	decode	29.6729	1.86986	204.317	19.768	94.1667	19.768	96
240	decode	29.6658	1.86187	203.437	19.8009	94.5833	20.163	96
241	decode	29.6586	1.86946	204.258	19.8997	94.25	20.163	96
242	decode	29.6515	1.86316	203.562	19.9326	94	20.163	95
243	decode	29.6443	1.8564	202.817	19.8895	94.6154	20.163	97
244	decode	29.6372	1.85252	202.385	19.9655	94.1667	20.163	96
245	decode	29.63	1.92871	210.7	19.768	93.9167	19.768	97
246	decode	29.6229	1.84788	201.863	19.768	94.25	19.768	95
247	decode	29.6158	1.85412	202.537	19.8009	93.8333	20.163	96
248	decode	29.6086	1.84269	201.28	19.9655	94.3333	20.163	95
249	decode	29.6015	1.84889	201.95	20.0718	94.4615	20.163	97
250	decode	29.5944	1.83437	200.357	20.163	93.8462	20.163	96
251	decode	29.5873	1.84083	201.055	20.159	94.0833	20.163	95
252	decode	29.5802	1.83549	200.464	20.1623	94.5	20.163	96
253	decode	29.5731	1.90745	208.315	19.8667	94.0833	20.163	96
254	decode	29.566	1.81919	198.669	19.768	94.1667	19.768	95
255	decode	29.5589	1.81234	197.913	19.8536	94.6154	20.155	97
