0	prefill	201.403	14.6325	1890.52	13.4417	88.5556	15.023	96
1	decode	4	0.400371	44.143	15.155	86.8333	15.419	93
2	decode	4	0.412329	45.4598	14.6279	91	15.023	96
3	decode	4	0.412154	45.4387	14.1003	89.6667	14.232	92
4	decode	4	0.413696	45.607	13.837	89.6667	13.837	92
5	decode	4	0.414793	45.7262	13.442	90.3333	13.442	94
6	decode	4	0.4139	45.626	13.178	88.6667	13.442	92
7	decode	4	0.408607	45.0409	13.0469	91	13.052	96
8	decode	4	0.411526	45.3609	12.918	90.1667	13.052	93
9	decode	4	0.411519	45.3584	12.656	88	12.656	92
10	decode	4	0.411719	45.3788	12.656	91.1429	12.656	96
11	decode	4	0.412715	45.4868	12.656	89.8333	12.656	93
12	decode	4	0.414124	45.6404	12.656	91.7143	12.656	96
13	decode	4	0.406344	44.7812	12.2602	85.6667	12.261	93
14	decode	4	0.412499	45.4578	12.2602	90.6667	12.261	93
15	decode	4	0.412859	45.4957	12.261	90.5714	12.261	94
16	decode	4	0.410016	45.1807	12.2585	90.1667	12.261	93
17	decode	4	0.413101	45.519	12.256	90	12.256	92
18	decode	4	0.412839	45.4883	12.256	89.4286	12.256	94
19	decode	4	0.414744	45.6966	12.3885	90.1667	12.656	93
20	decode	4	0.413535	45.5616	12.4824	90.1429	12.651	95
21	decode	4	0.412959	45.4965	12.2602	90.5	12.261	94
22	decode	4	0.411283	45.3101	12.2585	90	12.261	92
23	decode	4	0.406211	44.7496	12.3696	88.4286	12.651	93
24	decode	4	0.409989	45.1641	12.256	88.6667	12.256	92
25	decode	4	0.413657	45.5664	12.5852	90.1667	12.651	92
26	decode	4	0.411156	45.2892	12.651	89.1667	12.651	92
27	decode	4	0.412312	45.4149	12.651	91.8571	12.651	96
28	decode	4	0.409296	45.0809	12.651	90	12.651	93
29	decode	4	0.411665	45.3401	12.651	90.7143	12.651	94
30	decode	4	0.409843	45.1377	12.3124	88.7143	12.651	94
31	decode	4	0.412462	45.4245	12.5852	91	12.651	94
32	decode	4	0.410406	45.1964	12.651	89.3333	12.651	93
33	decode	4	0.405427	44.6463	12.651	90.1429	12.651	93
34	decode	4	0.408998	45.0379	12.651	89.3333	12.651	93
35	decode	4	0.409888	45.1341	12.651	90.5714	12.651	92
36	decode	4	0.409287	45.0663	12.651	89.5714	12.651	95
37	decode	4	0.410512	45.1994	12.651	89.8333	12.651	93
38	decode	4	0.406557	44.7623	12.651	89.7143	12.651	93
39	decode	4	0.407351	44.848	12.651	88.8333	12.651	93
40	decode	4	0.409009	45.0288	12.651	91.1429	12.651	96
41	decode	4	0.40854	44.9755	12.651	87.8333	12.651	92
42	decode	4	0.408556	44.9755	12.651	90.6667	12.651	93
43	decode	4	0.406009	44.6934	12.651	87.8333	12.651	93
44	decode	4	0.40734	44.8383	12.651	90.8333	12.651	94
45	decode	4	0.407207	44.8219	12.651	88.8333	12.651	93
46	decode	4	0.408158	44.925	12.651	90.8571	12.651	94
47	decode	4	0.407907	44.8956	12.651	88.3333	12.651	92
48	decode	4	0.407533	44.8527	12.651	91.5714	12.651	96
49	decode	4	0.409251	45.0401	12.651	88.8333	12.651	92
50	decode	4	0.408462	44.9516	12.651	91.5714	12.651	96
51	decode	4	0.40575	44.6514	12.651	89.1429	12.651	94
52	decode	4	0.407449	44.8367	12.6535	89.1667	12.656	93
53	decode	4	0.410962	45.2216	12.651	91	12.651	95
54	decode	4	0.407959	44.8894	12.651	88.5	12.651	92
55	decode	4	0.407942	44.8858	12.651	91.5	12.651	95
56	decode	4	0.407161	44.7982	12.651	90.1667	12.651	92
57	decode	4	0.409312	45.0332	12.651	90.2857	12.651	93
58	decode	4	0.408856	44.9813	12.651	88.5	12.651	93
59	decode	4	0.407598	44.8412	12.651	91	12.651	93
60	decode	4	0.400468	44.0551	12.651	90.7143	12.651	95
61	decode	4	0.402334	44.2588	12.651	90.7143	12.651	96
62	decode	4	0.40306	44.3369	12.651	90.1667	12.651	92
63	decode	4	0.404577	44.5021	12.651	91.2857	12.651	96
64	decode	4	0.401911	44.2072	12.651	89.3333	12.651	93
65	decode	4	0.403846	44.4184	12.651	90.4286	12.651	93
66	decode	4	0.403571	44.3864	12.651	91	12.651	94
67	decode	4	0.4001	44.0029	12.651	89.4286	12.651	95
68	decode	4	0.401874	44.1964	12.651	90	12.651	92
69	decode	4	0.40748	44.8113	12.651	91.1429	12.651	96
70	decode	4	0.398353	43.8059	12.651	87.3333	12.651	92
71	decode	4	0.401565	44.1574	12.651	91.4286	12.651	96
72	decode	4	0.398488	43.8174	12.651	87	12.651	93
73	decode	4	0.401648	44.1632	12.651	89.7143	12.651	95
74	decode	4	0.40468	44.4949	12.651	90.1667	12.651	92
75	decode	4	0.401517	44.1455	12.651	90.8571	12.651	93
76	decode	4	0.400865	44.0722	12.651	90.8571	12.651	96
77	decode	4	0.401139	44.1006	12.651	87.7143	12.651	94
78	decode	4	0.402873	44.2895	12.651	89.6667	12.651	92
79	decode	4	0.401984	44.1901	12.6517	90.1429	12.656	93
80	decode	4	0.401937	44.1833	12.7683	87.7143	13.052	93
81	decode	4	0.402492	44.2426	13.046	89.1667	13.046	93
82	decode	4	0.401957	44.1821	13.046	90.5	13.046	93
83	decode	4	0.402113	44.1976	13.046	91.1429	13.046	96
84	decode	4	0.403268	44.3229	13.046	91.5714	13.046	96
85	decode	4	0.401604	44.1383	13.046	88.4286	13.046	93
86	decode	4	0.402718	44.2591	13.046	90.1429	13.046	93
87	decode	4	0.397335	43.6659	13.046	88.7143	13.046	93
88	decode	4	0.398561	43.7989	13.046	88.7143	13.046	95
89	decode	4	0.397325	43.6614	13.046	89.3333	13.046	93
90	decode	4	0.403682	44.3584	13.046	91.3333	13.046	96
91	decode	4	0.40068	44.0269	13.046	89.8333	13.046	93
92	decode	4	0.399936	43.9434	13.046	90.7143	13.046	94
93	decode	4	0.402617	44.2363	13.046	89.7143	13.046	92
94	decode	4	0.394372	43.3288	13.046	88.1429	13.046	93
95	decode	4	0.40101	44.0565	13.046	87.8333	13.046	93
96	decode	4	0.401417	44.0994	13.046	90.6667	13.046	93
97	decode	4	0.394975	43.3901	13.046	90.1429	13.046	94
98	decode	4	0.397996	43.7203	13.046	89.7143	13.046	92
99	decode	4	0.403312	44.3026	13.046	91.5714	13.046	96
100	decode	4	0.401131	44.0614	13.1591	88.4286	13.442	96
101	decode	4	0.401255	44.0733	13.046	89.6667	13.046	92
102	decode	4	0.401162	44.0614	13.046	90.1429	13.046	92
103	decode	4	0.399416	43.868	13.046	89.1429	13.046	94
104	decode	4	0.400057	43.9367	13.046	90	13.046	93
105	decode	4	0.396287	43.5211	13.046	91.1429	13.046	95
106	decode	4	0.400059	43.9336	13.046	90.2857	13.046	93
107	decode	4	0.397955	43.7009	13.046	88.5	13.046	93
108	decode	4	0.401133	44.0482	13.112	90.1667	13.442	92
109	decode	4	0.402807	44.2304	13.046	90.7143	13.046	95
110	decode	4	0.399251	43.8382	13.046	90.1667	13.046	92
111	decode	4	0.399444	43.8578	13.046	90.2857	13.046	92
112	decode	4	0.401975	44.1341	13.046	91.2857	13.046	96
113	decode	4	0.400323	43.951	13.046	90	13.046	95
114	decode	4	0.400929	44.0159	13.046	90	13.046	92
115	decode	4	0.402331	44.1682	13.2723	91.8571	13.442	96
116	decode	4	0.401284	44.0515	13.2723	89.7143	13.442	93
117	decode	4	0.395848	43.4531	13.1026	87.7143	13.442	94
118	decode	4	0.401118	44.03	13.046	89.3333	13.046	93
119	decode	4	0.400137	43.9206	13.046	91.5714	13.046	96
120	decode	4	0.398758	43.7676	13.046	91	13.046	93
121	decode	4	0.40054	43.9615	13.1026	90.5714	13.442	92
122	decode	4	0.397109	43.5833	13.2157	88.5714	13.442	93
123	decode	4	0.400087	43.9085	13.3289	91.4286	13.442	93
124	decode	4	0.399311	43.8217	13.2723	90.1429	13.442	92
125	decode	4	0.397254	43.5943	13.1026	87.5714	13.442	93
126	decode	4	0.398744	43.7562	13.046	89.8571	13.046	96
127	decode	4	0.399454	43.8324	13.046	90.5	13.046	93
128	decode	4	0.396426	43.4985	13.112	90.3333	13.442	93
129	decode	4	0.396571	43.5128	13.046	90.6667	13.046	93
130	decode	4	0.399989	43.8862	13.1026	90.7143	13.442	93
131	decode	4	0.398715	43.7447	13.376	91.1667	13.442	93
132	decode	4	0.399469	43.8258	13.3854	91	13.442	94
133	decode	4	0.404074	44.3294	13.1591	90.8571	13.442	95
134	decode	4	0.393873	43.2086	13.046	89.1667	13.046	93
135	decode	4	0.39764	43.6202	13.046	90.8333	13.046	93
136	decode	4	0.398623	43.7264	13.31	91.1667	13.442	93
137	decode	4	0.397413	43.5921	13.442	91	13.442	93
138	decode	4	0.400918	43.9748	13.442	90	13.442	93
139	decode	4	0.398908	43.7527	13.442	90.6667	13.442	92
140	decode	4	0.398613	43.7186	13.442	91.4286	13.442	96
141	decode	4	0.393357	43.1406	13.1591	88.8571	13.442	93
142	decode	4	0.399426	43.8045	13.046	90.5	13.046	93
143	decode	4	0.396357	43.4663	13.046	90.6667	13.046	92
144	decode	4	0.400102	43.8754	13.376	91	13.442	93
145	decode	4	0.397329	43.5696	13.3854	91.5714	13.442	95
146	decode	4	0.399253	43.779	13.442	91	13.442	93
147	decode	4	0.394338	43.2384	13.442	90.7143	13.442	93
148	decode	4	0.398807	43.7267	13.442	91.5714	13.442	96
149	decode	4	0.397971	43.6334	13.442	91.4286	13.442	96
150	decode	4	0.390364	42.7979	13.343	91.25	13.442	96
151	decode	4	0.393439	43.1333	13.442	91.2857	13.442	96
152	decode	4	0.397124	43.5356	13.376	90.6667	13.442	93
153	decode	4	0.394812	43.2806	13.442	91.5714	13.442	96
154	decode	4	0.39538	43.3412	13.442	91.2857	13.442	93
155	decode	4	0.394853	43.2818	13.442	91.4286	13.442	96
156	decode	4	0.398118	43.638	13.442	91	13.442	93
157	decode	4	0.398742	43.7047	13.442	91	13.442	93
158	decode	4	0.398115	43.6345	13.442	90.2857	13.442	93
159	decode	4	0.39501	43.2925	13.442	91.4286	13.442	96
160	decode	4	0.394639	43.2502	13.442	90.7143	13.442	93
161	decode	4	0.397103	43.5185	13.442	91.7143	13.442	97
162	decode	4	0.39645	43.4454	13.442	90.8333	13.442	92
163	decode	4	0.398184	43.6337	13.442	91.8571	13.442	96
164	decode	4	0.396671	43.4663	13.442	91.8571	13.442	96
165	decode	4	0.398653	43.6818	13.442	91.4286	13.442	96
166	decode	4	0.396881	43.4861	13.442	90.1429	13.442	93
167	decode	4	0.394486	43.2221	13.442	91.4286	13.442	93
168	decode	4	0.392855	43.0417	13.442	90.2857	13.442	93
169	decode	4	0.390695	42.8035	13.442	92	13.442	96
170	decode	4	0.391758	42.9183	13.442	90.6667	13.442	93
171	decode	4	0.393575	43.1157	13.442	90.8571	13.442	93
172	decode	4	0.391316	42.8666	13.442	91.1429	13.442	93
173	decode	4	0.388531	42.5599	13.442	87.7143	13.442	93
174	decode	4	0.392991	43.0468	13.442	90.8571	13.442	93
175	decode	4	0.392803	43.0246	13.442	91.2857	13.442	95
176	decode	4	0.39514	43.2789	13.442	91.7143	13.442	96
177	decode	4	0.390342	42.7518	13.442	90.8333	13.442	93
178	decode	4	0.391779	42.9077	13.442	92	13.442	95
179	decode	4	0.39295	43.0342	13.442	90.1429	13.442	93
180	decode	4	0.388423	42.5368	13.442	90.8571	13.442	96
181	decode	4	0.393263	43.0653	13.442	90.5714	13.442	96
182	decode	4	0.391283	42.8468	13.442	90.1667	13.442	93
183	decode	4	0.392688	42.9991	13.442	90.6667	13.442	93
184	decode	4	0.393455	43.0815	13.442	91	13.442	93
185	decode	4	0.393402	43.074	13.442	91.1667	13.442	93
186	decode	4	0.391288	42.841	13.442	91.875	13.442	96
187	decode	4	0.392403	42.9614	13.442	90.3333	13.442	93
188	decode	4	0.393249	43.0524	13.442	91.7143	13.442	96
189	decode	4	0.394408	43.1777	13.442	90.8333	13.442	93
190	decode	4	0.392558	42.9735	13.442	90.5714	13.442	93
191	decode	4	0.390631	42.7609	13.442	92	13.442	96
192	decode	4	0.392952	43.0134	13.442	90.6667	13.442	93
193	decode	4	0.392572	42.9702	13.442	91.7143	13.442	95
194	decode	4	0.389704	42.6546	13.442	88.2857	13.442	93
195	decode	4	0.392066	42.9116	13.442	91.5	13.442	96
196	decode	4	0.391033	42.7969	13.442	92	13.442	96
197	decode	4	0.394132	43.1345	13.442	90.8333	13.442	93
198	decode	4	0.393821	43.0988	13.442	90.5714	13.442	93
199	decode	4	0.391248	42.8156	13.442	91.8571	13.442	96
200	decode	4	0.394169	43.1336	13.442	91.5714	13.442	96
201	decode	4	0.392361	42.9342	13.442	91.5714	13.442	95
202	decode	4	0.390336	42.7109	13.442	90.5714	13.442	96
203	decode	4	0.392877	42.9874	13.442	90.8333	13.442	93
204	decode	4	0.395132	43.2324	13.442	91	13.442	93
205	decode	4	0.396227	43.3506	13.442	91.2857	13.442	96
206	decode	4	0.39278	42.9719	13.442	91.5	13.442	96
207	decode	4	0.39181	42.8641	13.442	91	13.442	95
208	decode	4	0.39515	43.2279	13.442	90.5	13.442	93
209	decode	4	0.394308	43.1342	13.442	91.3333	13.442	93
210	decode	4	0.39413	43.1131	13.4428	91	13.447	93
211	decode	4	0.394048	43.1025	13.4458	91.875	13.447	96
212	decode	4	0.39358	43.0498	13.4453	91	13.447	92
213	decode	4	0.397428	43.469	13.4434	89.7143	13.447	93
214	decode	4	0.392804	42.9616	13.442	90.7143	13.442	93
215	decode	4	0.392753	42.9544	13.442	91.8571	13.442	96
216	decode	4	0.392853	42.9638	13.5078	91.3333	13.837	93
217	decode	4	0.391488	42.8128	13.442	91.4286	13.442	95
218	decode	4	0.390379	42.69	13.6113	91.1429	13.837	95
219	decode	4	0.39265	42.9367	13.837	91.1667	13.837	93
220	decode	4	0.392543	42.9234	13.6889	91.75	13.837	95
221	decode	4	0.39674	43.3807	13.442	90.3333	13.442	93
222	decode	4	0.39077	42.7263	13.442	91.4286	13.442	96
223	decode	4	0.390264	42.6694	13.442	90.1667	13.442	93
224	decode	4	0.391441	42.7964	13.6395	91.1667	13.837	93
225	decode	4	0.391189	42.7672	13.837	91	13.837	93
226	decode	4	0.391463	42.7956	13.837	90.8333	13.837	93
227	decode	4	0.389364	42.5646	13.7712	90.3333	13.837	93
228	decode	4	0.384956	42.0811	13.6395	91.125	13.837	96
229	decode	4	0.392342	42.8868	13.442	90.8571	13.442	95
230	decode	4	0.39006	42.6358	13.5078	90.8333	13.837	93
231	decode	4	0.3867	42.267	13.5549	91.1429	13.837	96
232	decode	4	0.388759	42.4904	13.7241	91.4286	13.837	95
233	decode	4	0.387541	42.3557	13.7053	89.6667	13.837	93
234	decode	4	0.384686	42.0421	13.7053	90	13.837	93
235	decode	4	0.389297	42.5444	13.837	92.375	13.837	96
236	decode	4	0.384403	42.008	13.837	90.8571	13.837	95
237	decode	4	0.39254	42.8956	13.837	90	13.837	93
238	decode	4	0.389023	42.5097	13.6113	91.1429	13.837	93
239	decode	4	0.387373	42.3278	13.837	92	13.837	96
240	decode	4	0.384494	42.0116	13.837	90	13.837	95
241	decode	4	0.390983	42.7191	13.837	91.1429	13.837	95
242	decode	4	0.388936	42.4938	13.837	91.4286	13.837	94
243	decode	4	0.388648	42.4607	13.837	90.7143	13.837	95
244	decode	4	0.388596	42.4534	13.837	91.7143	13.837	95
245	decode	4	0.394224	43.0667	13.837	90.3333	13.837	93
246	decode	4	0.3866	42.2323	13.837	91.625	13.837	95
247	decode	4	0.383918	41.9376	13.837	89.1667	13.837	93
248	decode	4	0.386512	42.2194	13.837	91.2857	13.837	94
249	decode	4	0.388858	42.4741	13.837	90.5714	13.837	93
250	decode	4	0.384269	41.9713	13.837	88.8571	13.837	93
251	decode	4	0.385571	42.1119	13.837	92.125	13.837	95
252	decode	4	0.388083	42.3846	13.837	91.4286	13.837	95
253	decode	4	0.391487	42.7548	13.837	90.1667	13.837	93
254	decode	4	0.386986	42.2617	13.837	91.1429	13.837	95
255	decode	4	0.389376	42.5211	13.837	91	13.837	95
