0	prefill	1599.47	16.0626	2639.77	24.7186	93.9231	29.64	98
1	decode	15.8958	1.25213	172.531	28.0587	70.1429	29.244	85
2	decode	15.8949	1.38984	191.495	25.8193	75.1667	26.478	79
3	decode	15.8941	1.42669	196.561	24.0599	81	24.907	90
4	decode	15.8932	1.42738	196.647	22.535	77.6667	22.93	79
5	decode	15.8924	1.42837	196.772	21.4054	81.7143	21.744	90
6	decode	15.8915	1.41009	194.244	20.3605	77.3333	20.558	80
7	decode	15.8907	1.42857	196.778	19.5983	81.4286	19.768	88
8	decode	15.8898	1.41545	194.96	18.845	77	18.977	84
9	decode	15.889	1.41818	195.326	18.3835	78.6667	18.581	82
10	decode	15.8881	1.4149	194.863	17.9603	81.4286	18.186	88
11	decode	15.8873	1.44259	198.666	17.593	80	17.791	84
12	decode	15.8864	1.43028	196.961	17.395	79.6667	17.395	81
13	decode	15.8856	1.41735	195.17	17	79	17	83
14	decode	15.8848	1.43682	197.839	17	82.7143	17	93
15	decode	15.8839	1.41729	195.14	16.605	79.3333	16.605	82
16	decode	15.8831	1.39985	192.728	16.605	78.5714	16.605	88
17	decode	15.8822	1.41819	195.242	16.605	78.8333	16.605	81
18	decode	15.8814	1.45706	200.582	16.4919	82.2857	16.605	88
19	decode	15.8805	1.43149	197.052	16.209	80.5	16.209	85
20	decode	15.8797	1.45042	199.647	16.209	81.1667	16.209	86
21	decode	15.8788	1.45295	199.985	16.209	81.4	16.209	83
22	decode	15.878	1.43717	197.802	16.209	79.6667	16.209	82
23	decode	15.8771	1.40769	193.735	16.209	78.8333	16.209	80
24	decode	15.8763	1.44689	199.119	16.209	82.5	16.209	92
25	decode	15.8754	1.40777	193.724	16.209	81	16.209	90
26	decode	15.8746	1.40597	193.466	16.209	78.3333	16.209	81
27	decode	15.8737	1.40886	193.854	16.209	80.8571	16.209	92
28	decode	15.8729	1.41383	194.527	16.209	79.1667	16.209	82
29	decode	15.8721	1.41122	194.158	16.209	81	16.209	91
30	decode	15.8712	1.43229	197.045	16.209	82.8571	16.209	90
31	decode	15.8704	1.40229	192.907	16.209	80	16.209	81
32	decode	15.8695	1.42347	195.811	16.209	81.5714	16.209	91
33	decode	15.8687	1.46748	201.854	16.209	84	16.209	90
34	decode	15.8678	1.41738	194.952	16.209	79.6	16.209	82
35	decode	15.867	1.41207	194.211	16.209	82	16.209	92
36	decode	15.8661	1.43027	196.704	16.209	80.3333	16.209	84
37	decode	15.8653	1.41942	195.201	16.209	81.8571	16.209	90
38	decode	15.8645	1.42079	195.379	16.209	80.5	16.209	83
39	decode	15.8636	1.38576	190.551	16.209	78.3333	16.209	79
40	decode	15.8628	1.40825	193.633	16.209	82	16.209	91
41	decode	15.8619	1.40582	193.288	16.209	79.8333	16.209	82
42	decode	15.8611	1.39522	191.821	16.209	81.5714	16.209	88
43	decode	15.8602	1.38586	190.524	16.209	79.3333	16.209	82
44	decode	15.8594	1.40771	193.517	16.209	82	16.209	90
45	decode	15.8586	1.43389	197.105	16.209	82.5	16.209	88
46	decode	15.8577	1.41754	194.848	16.209	80.6667	16.209	84
47	decode	15.8569	1.4309	196.673	16.209	84	16.209	89
48	decode	15.856	1.39494	191.719	16.209	79.3333	16.209	81
49	decode	15.8552	1.40208	192.691	16.209	82.2857	16.209	89
50	decode	15.8544	1.38064	189.735	16.209	78.1667	16.209	80
51	decode	15.8535	1.38314	190.067	16.209	80.2857	16.209	90
52	decode	15.8527	1.44089	197.992	16.209	83.1429	16.209	89
53	decode	15.8518	1.41359	194.23	16.275	81.5	16.605	84
54	decode	15.851	1.43089	196.598	16.275	81.8333	16.605	87
55	decode	15.8502	1.42228	195.403	16.473	83.3333	16.605	89
56	decode	15.8493	1.37886	189.428	16.209	78.6667	16.209	80
57	decode	15.8485	1.40183	192.574	16.2656	81.4286	16.605	88
58	decode	15.8476	1.45996	200.549	16.407	83.5	16.605	85
59	decode	15.8468	1.43544	197.169	16.539	83	16.605	86
60	decode	15.846	1.38857	190.721	16.605	82.7143	16.605	91
61	decode	15.8451	1.39373	191.42	16.605	80.8333	16.605	84
62	decode	15.8443	1.42046	195.079	16.605	83	16.605	90
63	decode	15.8434	1.39066	190.976	16.605	80.5	16.605	82
64	decode	15.8426	1.41747	194.648	16.605	83.5714	16.605	91
65	decode	15.8418	1.39843	192.024	16.605	80.6667	16.605	84
66	decode	15.8409	1.41698	194.56	16.605	83.8571	16.605	92
67	decode	15.8401	1.38618	190.321	16.605	80.5	16.605	85
68	decode	15.8392	1.37859	189.268	16.605	80.2857	16.605	84
69	decode	15.8384	1.37846	189.24	16.605	80	16.605	83
70	decode	15.8376	1.42707	195.903	16.605	84	16.605	91
71	decode	15.8367	1.41117	193.71	16.605	82.3333	16.605	84
72	decode	15.8359	1.44564	198.431	16.605	84	16.605	92
73	decode	15.8351	1.37687	188.981	16.605	80.8571	16.605	90
74	decode	15.8342	1.4156	194.286	16.605	83.7143	16.605	92
75	decode	15.8334	1.40381	192.658	16.605	82.1667	16.605	83
76	decode	15.8325	1.4467	198.533	16.605	85	16.605	88
77	decode	15.8317	1.40518	192.826	16.605	81.6667	16.605	85
78	decode	15.8309	1.40932	193.383	16.605	84	16.605	93
79	decode	15.83	1.40348	192.571	16.7743	84.1429	17	93
80	decode	15.8292	1.3897	190.671	16.605	80	16.605	86
81	decode	15.8284	1.37299	188.368	16.604	81.4286	16.605	91
82	decode	15.8275	1.42097	194.94	16.604	83.4286	16.605	87
83	decode	15.8267	1.40259	192.407	16.7367	82.5	17	84
84	decode	15.8259	1.41968	194.741	16.7743	84.5714	17	91
85	decode	15.825	1.37905	189.158	16.7367	80.3333	17	84
86	decode	15.8242	1.39611	191.488	16.7367	82.3333	17	85
87	decode	15.8234	1.3581	186.264	16.7179	81	17	87
88	decode	15.8225	1.3479	184.856	16.605	80.7143	16.605	91
89	decode	15.8217	1.3218	181.266	16.605	80.5714	16.605	87
90	decode	15.8209	1.22835	168.442	16.605	74.25	16.605	85
91	decode	15.82	1.32193	181.265	16.275	77.8333	16.605	82
92	decode	15.8192	1.33385	182.889	16.3787	80.1429	16.605	92
93	decode	15.8184	1.29324	177.311	16.4353	79.2857	16.605	92
94	decode	15.8175	1.33564	183.115	16.3787	80	16.605	90
95	decode	15.8167	1.28969	176.806	16.4919	78.4286	16.605	91
96	decode	15.8159	1.24687	170.926	16.209	75.4286	16.209	84
97	decode	15.815	1.28005	175.465	16.209	77.1429	16.209	85
98	decode	15.8142	1.27459	174.707	16.209	75	16.209	77
99	decode	15.8134	1.29408	177.37	16.209	78.7143	16.209	88
100	decode	15.8125	1.29097	176.933	16.209	76.5714	16.209	85
101	decode	15.8117	1.27174	174.288	16.209	75	16.209	80
102	decode	15.8109	1.2588	172.506	16.2656	75.5714	16.605	90
103	decode	15.81	1.26456	173.285	16.209	77.1429	16.209	88
104	decode	15.8092	1.2671	173.624	16.209	76	16.209	86
105	decode	15.8084	1.29415	177.322	16.209	76.6667	16.209	79
106	decode	15.8075	1.28026	175.409	16.209	77.4286	16.209	91
107	decode	15.8067	1.27348	174.47	16.209	78.625	16.209	89
108	decode	15.8059	1.28997	176.72	16.209	77.2857	16.209	86
109	decode	15.805	1.26637	173.477	16.209	77.1429	16.209	83
110	decode	15.8042	1.26867	173.783	16.209	74.7143	16.209	79
111	decode	15.8034	1.2528	171.6	16.209	74.8571	16.209	78
112	decode	15.8025	1.24692	170.785	16.209	77.875	16.209	89
113	decode	15.8017	1.24334	170.286	16.209	76	16.209	82
114	decode	15.8009	1.27763	174.972	16.209	76	16.209	81
115	decode	15.8001	1.26062	172.634	16.209	75.2857	16.209	79
116	decode	15.7992	1.28933	176.557	16.209	76.5714	16.209	80
117	decode	15.7984	1.24301	170.204	16.209	77.25	16.209	91
118	decode	15.7976	1.27353	174.374	16.209	76	16.209	78
119	decode	15.7967	1.22982	168.38	16.209	74.1429	16.209	76
120	decode	15.7959	1.22669	167.943	16.209	73.2857	16.209	75
121	decode	15.7951	1.24405	170.31	16.209	78.625	16.209	90
122	decode	15.7943	1.24207	170.029	16.209	73.5714	16.209	76
123	decode	15.7934	1.23001	168.37	16.209	74.2857	16.209	77
124	decode	15.7926	1.23519	169.07	16.209	75.75	16.209	88
125	decode	15.7918	1.23459	168.979	16.209	74.875	16.209	85
126	decode	15.7909	1.23992	169.698	16.209	74.4286	16.209	77
127	decode	15.7901	1.24643	170.58	16.209	75.4286	16.209	79
128	decode	15.7893	1.26284	172.817	16.209	79.375	16.209	89
129	decode	15.7885	1.2537	171.557	16.209	76	16.209	79
130	decode	15.7876	1.26381	172.931	16.209	73.8571	16.209	78
131	decode	15.7868	1.23027	168.333	16.209	74	16.209	77
132	decode	15.786	1.24516	170.36	16.209	75.375	16.209	87
133	decode	15.7852	1.21275	165.918	16.209	73.5714	16.209	78
134	decode	15.7843	1.23176	168.509	16.209	75	16.209	88
135	decode	15.7835	1.21811	166.634	16.209	74.625	16.209	81
136	decode	15.7827	1.24302	170.031	16.209	74.5714	16.209	79
137	decode	15.7819	1.21628	166.364	16.209	73.625	16.209	76
138	decode	15.781	1.21584	166.296	16.209	74.8571	16.209	79
139	decode	15.7802	1.17888	161.232	16.209	70.5714	16.209	79
140	decode	15.7794	1.14938	157.189	16.209	70.2857	16.209	74
141	decode	15.7786	1.22164	167.062	16.209	77	16.209	81
142	decode	15.7777	1.18889	162.575	16.209	72	16.209	84
143	decode	15.7769	1.22075	166.922	16.209	76	16.209	84
144	decode	15.7761	1.16125	158.778	16.209	72.125	16.209	88
145	decode	15.7753	1.19412	163.263	16.209	72.7143	16.209	76
146	decode	15.7744	1.24634	170.394	16.209	76.25	16.209	88
147	decode	15.7736	1.21216	165.713	16.209	73.75	16.209	79
148	decode	15.7728	1.2188	166.611	16.209	74.625	16.209	88
149	decode	15.772	1.22107	166.913	16.209	75	16.209	78
150	decode	15.7711	1.23167	168.352	16.209	75.25	16.209	80
151	decode	15.7703	1.18156	161.494	16.209	71.875	16.209	79
152	decode	15.7695	1.20966	165.326	16.209	75.25	16.209	84
153	decode	15.7687	1.23043	168.155	16.209	75.7143	16.209	80
154	decode	15.7678	1.21048	165.42	16.209	73.25	16.209	81
155	decode	15.767	1.15307	157.566	16.209	72.875	16.209	87
156	decode	15.7662	1.19028	162.642	16.209	72.7143	16.209	78
157	decode	15.7654	1.20506	164.653	16.209	76.25	16.209	88
158	decode	15.7646	1.22405	167.239	16.2585	75.375	16.605	84
159	decode	15.7637	1.21514	166.013	16.308	75.875	16.605	81
160	decode	15.7629	1.22721	167.653	16.2585	77.125	16.605	83
161	decode	15.7621	1.22758	167.694	16.4353	76.5714	16.605	79
162	decode	15.7613	1.27037	173.53	16.5555	79.25	16.605	88
163	decode	15.7604	1.24525	170.09	16.605	78.4286	16.605	84
164	decode	15.7596	1.20715	164.876	16.605	74.2857	16.605	77
165	decode	15.7588	1.21447	165.868	16.6024	77.25	16.605	89
166	decode	15.758	1.22691	167.558	16.599	76	16.605	80
167	decode	15.7572	1.16826	159.539	16.6032	75.25	16.605	91
168	decode	15.7563	1.19275	162.874	16.5555	75.875	16.605	91
169	decode	15.7555	1.1928	162.873	16.4919	74.4286	16.605	79
170	decode	15.7547	1.20542	164.587	16.605	76.875	16.605	89
171	decode	15.7539	1.20203	164.116	16.605	77.75	16.605	89
172	decode	15.7531	1.15663	157.909	16.605	74	16.605	88
173	decode	15.7522	1.1713	159.903	16.605	74.1429	16.605	78
174	decode	15.7514	1.13926	155.521	16.308	71.125	16.605	76
175	decode	15.7506	1.14247	155.95	16.209	71.625	16.209	74
176	decode	15.7498	1.16406	158.888	16.209	73	16.209	75
177	decode	15.749	1.20041	163.841	16.209	77	16.209	87
178	decode	15.7481	1.19675	163.333	16.2656	75.4286	16.605	79
179	decode	15.7473	1.17034	159.72	16.4565	77.5	16.605	91
180	decode	15.7465	1.16608	159.13	16.506	74.625	16.605	86
181	decode	15.7457	1.20112	163.903	16.4565	77.875	16.605	87
182	decode	15.7449	1.17267	160.013	16.605	74.875	16.605	90
183	decode	15.7441	1.18461	161.633	16.605	76.875	16.605	88
184	decode	15.7432	1.167	159.222	16.605	75.375	16.605	90
185	decode	15.7424	1.1679	159.336	16.407	75.625	16.605	85
186	decode	15.7416	1.18992	162.332	16.5555	76.375	16.605	89
187	decode	15.7408	1.19102	162.473	16.5555	76.875	16.605	88
188	decode	15.74	1.23113	167.935	16.605	79	16.605	92
189	decode	15.7392	1.15803	157.956	16.605	74.625	16.605	82
190	decode	15.7383	1.21144	165.232	16.605	76.75	16.605	85
191	decode	15.7375	1.1837	161.44	16.605	77.5	16.605	90
192	decode	15.7367	1.1613	158.376	16.5998	76	16.605	89
193	decode	15.7359	1.19513	162.981	16.6006	78.375	16.605	89
194	decode	15.7351	1.17268	159.911	16.605	76.5	16.605	91
195	decode	15.7343	1.16444	158.779	16.605	77	16.605	84
196	decode	15.7334	1.17954	160.829	16.605	74.2857	16.605	77
197	decode	15.7326	1.17105	159.663	16.6015	76.75	16.605	88
198	decode	15.7318	1.20443	164.205	16.5989	78.125	16.605	89
199	decode	15.731	1.1486	156.585	16.605	76.625	16.605	91
200	decode	15.7302	1.18618	161.7	16.605	77.125	16.605	88
201	decode	15.7294	1.1615	158.327	16.605	77	16.605	90
202	decode	15.7286	1.19225	162.51	16.605	75.4286	16.605	79
203	decode	15.7277	1.19288	162.587	16.605	77.75	16.605	89
204	decode	15.7269	1.16688	159.035	16.605	76.375	16.605	91
205	decode	15.7261	1.16929	159.355	16.605	76.75	16.605	89
206	decode	15.7253	1.16448	158.691	16.605	75.625	16.605	88
207	decode	15.7245	1.1696	159.38	16.605	76.875	16.605	85
208	decode	15.7237	1.16052	158.134	16.605	74	16.605	90
209	decode	15.7229	1.14753	156.355	16.605	75	16.605	78
210	decode	15.722	1.17215	159.702	16.605	74.7143	16.605	79
211	decode	15.7212	1.16462	158.667	16.6006	77.125	16.605	89
212	decode	15.7204	1.16224	158.334	16.598	75	16.598	87
213	decode	15.7196	1.15869	157.843	16.5989	75.25	16.605	83
214	decode	15.7188	1.15589	157.453	16.601	73	16.605	78
215	decode	15.718	1.14919	156.531	16.605	74.2857	16.605	78
216	decode	15.7172	1.16442	158.598	16.605	76.375	16.605	89
217	decode	15.7164	1.15825	157.749	16.605	76.625	16.605	88
218	decode	15.7155	1.17541	160.078	16.605	76.875	16.605	91
219	decode	15.7147	1.17029	159.371	16.6544	77.375	17	89
220	decode	15.7139	1.19422	162.622	16.8519	77.875	17	88
221	decode	15.7131	1.19067	162.13	16.9013	79.25	17	88
222	decode	15.7123	1.17578	160.094	17	76.75	17	88
223	decode	15.7115	1.13727	154.841	17	76.4444	17	89
224	decode	15.7107	1.14604	156.028	16.8519	74	17	78
225	decode	15.7099	1.16354	158.401	16.7531	76.375	17	79
226	decode	15.7091	1.15167	156.777	16.7037	73	17	76
227	decode	15.7082	1.1559	157.344	16.7037	76.5	17	85
228	decode	15.7074	1.15971	157.854	16.9013	76.375	17	90
229	decode	15.7066	1.18188	160.864	16.9506	78.875	17	90
230	decode	15.7058	1.17355	159.721	17	77.875	17	91
231	decode	15.705	1.16614	158.705	17	78.875	17	89
232	decode	15.7042	1.16157	158.074	16.8871	75.1429	17	78
233	decode	15.7034	1.14427	155.712	16.6544	76.25	17	91
234	decode	15.7026	1.16668	158.753	16.8519	76.5	17	90
235	decode	15.7018	1.1609	157.957	16.9506	76.875	17	88
236	decode	15.701	1.1473	156.099	16.9506	75.5	17	88
237	decode	15.7002	1.15486	157.118	16.8307	75.4286	17	78
238	decode	15.6993	1.15487	157.112	17	74.1429	17	78
239	decode	15.6985	1.15324	156.881	17	75.1429	17	78
240	decode	15.6977	1.17561	159.916	17	78.375	17	89
241	decode	15.6969	1.1648	158.438	17	78.75	17	91
242	decode	15.6961	1.17081	159.246	17	75.7143	17	78
243	decode	15.6953	1.12696	153.274	17	75	17	82
244	decode	15.6945	1.17449	159.73	17	75.1429	17	80
245	decode	15.6937	1.12768	153.355	17	76.8889	17	88
246	decode	15.6929	1.14685	155.954	17	74.625	17	78
247	decode	15.6921	1.15025	156.407	17	76.25	17	79
248	decode	15.6913	1.13791	154.721	17	75.375	17	81
249	decode	15.6905	1.14543	155.736	17	76.5	17	80
250	decode	15.6897	1.09407	148.745	17	69.75	17	77
251	decode	15.6889	1.21865	165.673	17	82	17	86
252	decode	15.688	1.23874	168.395	17.1129	81.4286	17.395	85
253	decode	15.6872	1.19614	162.596	17.2821	79.1429	17.395	83
254	decode	15.6864	1.22641	166.701	17.395	82.25	17.395	91
255	decode	15.6856	1.1524	156.633	17.395	78.25	17.395	87
