0	prefill	804.934	13.9778	2297.15	19.9373	92.7	24.107	96
1	decode	8	0.624278	86.019	23.615	63.75	24.897	97
2	decode	8	0.663224	91.3804	21.349	61.5714	22.14	64
3	decode	8	0.695616	95.8382	19.8335	66	20.558	68
4	decode	8	0.714796	98.4754	18.5153	67	18.977	70
5	decode	8	0.727048	100.158	17.7248	68.1667	18.186	72
6	decode	8	0.738907	101.786	16.8861	72.4286	17.395	87
7	decode	8	0.73325	101.001	16.275	71.3333	16.605	81
8	decode	8	0.721306	99.3508	15.6165	66.5	15.814	73
9	decode	8	0.762223	104.981	15.221	72.1667	15.419	74
10	decode	8	0.756894	104.241	15.023	73.1667	15.023	82
11	decode	8	0.752186	103.587	14.628	74.5714	14.628	86
12	decode	8	0.754154	103.853	14.298	72.3333	14.628	81
13	decode	8	0.761067	104.799	14.232	73.3333	14.232	82
14	decode	8	0.752622	103.63	14.232	70.4	14.232	72
15	decode	8	0.758679	104.459	13.916	71.8	14.232	74
16	decode	8	0.728101	100.243	13.837	71.2857	13.837	86
17	decode	8	0.756399	104.134	13.837	71	13.837	72
18	decode	8	0.757077	104.221	13.837	73.5	13.837	85
19	decode	8	0.763116	105.047	13.837	74.3333	13.837	86
20	decode	8	0.760209	104.641	13.837	73	13.837	86
21	decode	8	0.764545	105.232	13.837	74	13.837	86
22	decode	8	0.758954	104.457	13.5737	73.8333	13.837	87
23	decode	8	0.752322	103.539	13.439	73.3333	13.442	85
24	decode	8	0.745058	102.534	13.4396	69.4	13.442	71
25	decode	8	0.754324	103.803	13.442	70.8	13.442	73
26	decode	8	0.753343	103.662	13.4408	70.8	13.442	71
27	decode	8	0.746588	102.727	13.442	73.5	13.442	86
28	decode	8	0.761072	104.715	13.442	74.1667	13.442	88
29	decode	8	0.754391	103.79	13.442	74.1667	13.442	88
30	decode	8	0.763574	105.048	13.442	74.5	13.442	88
31	decode	8	0.760675	104.643	13.442	73.5	13.442	87
32	decode	8	0.763001	104.957	13.5737	73.6667	13.837	88
33	decode	8	0.762255	104.849	13.7712	73.8333	13.837	85
34	decode	8	0.763146	104.966	13.837	74.5	13.837	87
35	decode	8	0.766203	105.381	13.837	75	13.837	87
36	decode	8	0.767796	105.594	13.837	74.5	13.837	89
37	decode	8	0.768301	105.658	13.6395	75	13.837	88
38	decode	8	0.759687	104.468	13.7053	74.5	13.837	89
39	decode	8	0.759453	104.43	13.5078	74.6667	13.837	85
40	decode	8	0.759174	104.386	13.7752	73.3333	13.843	88
41	decode	8	0.74949	103.049	13.775	74.8333	13.843	89
42	decode	8	0.757979	104.21	13.837	73.6667	13.837	86
43	decode	8	0.756517	104.004	13.837	71.8	13.837	72
44	decode	8	0.758304	104.244	13.7712	74.1667	13.837	86
45	decode	8	0.754237	103.679	13.7053	74.1667	13.837	87
46	decode	8	0.750079	103.102	13.837	71.2	13.837	73
47	decode	8	0.755472	103.837	13.837	74.6667	13.837	88
48	decode	8	0.764632	105.091	13.837	74.1667	13.837	89
49	decode	8	0.766209	105.302	13.837	75.3333	13.837	88
50	decode	8	0.764913	105.118	13.837	74.8333	13.837	89
51	decode	8	0.723019	99.3554	13.837	71.6667	13.837	87
52	decode	8	0.743412	102.152	13.837	71.6667	13.837	87
53	decode	8	0.755899	103.862	13.837	74	13.837	85
54	decode	8	0.745563	102.437	13.837	73.5	13.837	89
55	decode	8	0.758506	104.209	13.837	74.8333	13.837	88
56	decode	8	0.755649	103.811	13.837	72.8333	13.837	87
57	decode	8	0.757495	104.059	13.837	72.4	13.837	74
58	decode	8	0.750864	103.143	13.837	70.8	13.837	72
59	decode	8	0.739341	101.554	13.837	74.5714	13.837	88
60	decode	8	0.739964	101.634	13.837	72.1667	13.837	79
61	decode	8	0.739051	101.504	13.837	70.1667	13.837	73
62	decode	8	0.738302	101.395	13.837	70.3333	13.837	71
63	decode	8	0.738361	101.398	13.8379	74.8571	13.843	87
64	decode	8	0.730237	100.277	13.837	69.5	13.837	71
65	decode	8	0.730605	100.322	13.837	68.8333	13.837	72
66	decode	8	0.722899	99.2584	13.442	68.8333	13.442	73
67	decode	8	0.719949	98.848	13.442	70.7143	13.442	85
68	decode	8	0.725554	99.6122	13.442	69	13.442	73
69	decode	8	0.734976	100.9	13.442	73.8333	13.442	89
70	decode	8	0.725001	99.5255	13.442	68.8	13.442	71
71	decode	8	0.725738	99.6214	13.442	73.1429	13.442	87
72	decode	8	0.72881	100.038	13.442	68.8333	13.442	70
73	decode	8	0.719862	98.804	13.442	68	13.442	71
74	decode	8	0.718888	98.6651	13.442	71.4286	13.442	88
75	decode	8	0.723385	99.2769	13.442	69.5	13.442	71
76	decode	8	0.729844	100.158	13.442	69.6667	13.442	71
77	decode	8	0.730894	100.297	13.442	72.6667	13.442	88
78	decode	8	0.721868	99.0527	13.442	71.4286	13.442	87
79	decode	8	0.719231	98.6855	13.442	70.4286	13.442	79
80	decode	8	0.697378	95.6819	13.442	65.5	13.442	71
81	decode	8	0.728644	99.9663	13.442	73.4286	13.442	87
82	decode	8	0.73762	101.192	13.5078	69.5	13.837	72
83	decode	8	0.738398	101.294	13.6113	73.2857	13.837	84
84	decode	8	0.72017	98.7878	13.837	68.3333	13.837	69
85	decode	8	0.727954	99.85	13.837	73.7143	13.837	86
86	decode	8	0.732579	100.479	13.837	70.3333	13.837	72
87	decode	8	0.722052	99.0299	13.837	70.1667	13.837	75
88	decode	8	0.728143	99.8599	13.837	71.2857	13.837	86
89	decode	8	0.730628	100.195	13.837	68.8333	13.837	71
90	decode	8	0.735293	100.83	13.837	72.5714	13.837	86
91	decode	8	0.746787	102.4	13.837	71.5	13.837	73
92	decode	8	0.745773	102.256	13.839	72.1667	13.843	74
93	decode	8	0.755177	103.539	13.843	74.8333	13.843	89
94	decode	8	0.734408	100.686	13.841	72.8333	13.843	86
95	decode	8	0.743423	101.917	13.839	72.8333	13.843	82
96	decode	8	0.72688	99.6436	13.837	68.8333	13.837	72
97	decode	8	0.729479	99.9945	13.837	74	13.837	83
98	decode	8	0.736154	100.904	13.837	70	13.837	72
99	decode	8	0.731997	100.329	13.837	70.3333	13.837	73
100	decode	8	0.725753	99.4677	13.837	71.6667	13.837	87
101	decode	8	0.740389	101.468	13.837	76.1429	13.837	89
102	decode	8	0.748949	102.636	13.837	73.5	13.837	81
103	decode	8	0.733188	100.47	13.837	70.3333	13.837	75
104	decode	8	0.745909	102.208	13.837	70.8333	13.837	72
105	decode	8	0.738227	101.15	13.837	75.2857	13.837	86
106	decode	8	0.723447	99.1196	13.841	71	13.843	78
107	decode	8	0.740777	101.489	13.842	71.3333	13.843	75
108	decode	8	0.731368	100.194	13.839	70.6667	13.843	74
109	decode	8	0.71597	98.0793	13.8387	71.7143	13.843	88
110	decode	8	0.725965	99.4431	13.842	70.8333	13.843	72
111	decode	8	0.728752	99.8195	13.8396	75	13.843	87
112	decode	8	0.72019	98.6415	13.837	70.1667	13.837	80
113	decode	8	0.724199	99.1852	13.837	70.6667	13.837	72
114	decode	8	0.723525	99.0876	13.837	69.6667	13.837	73
115	decode	8	0.730058	99.9769	13.837	73.1429	13.837	88
116	decode	8	0.727613	99.6367	13.837	71	13.837	73
117	decode	8	0.741651	101.554	13.837	74	13.837	87
118	decode	8	0.729554	99.8917	13.837	72	13.837	87
119	decode	8	0.731903	100.208	13.837	70.8333	13.837	74
120	decode	8	0.723081	98.9947	13.837	72.5714	13.837	88
121	decode	8	0.737769	101	13.837	71.8333	13.837	73
122	decode	8	0.722816	98.9478	13.839	69.5	13.843	71
123	decode	8	0.726198	99.4054	13.84	69.5	13.843	72
124	decode	8	0.704416	96.4186	13.837	69.8571	13.837	89
125	decode	8	0.713914	97.7134	13.837	72.8571	13.837	83
126	decode	8	0.707816	96.8737	13.837	67.1667	13.837	68
127	decode	8	0.704431	96.4052	13.837	70	13.837	78
128	decode	8	0.716022	97.9862	13.837	69.5	13.837	73
129	decode	8	0.73119	100.057	13.8379	75.5714	13.843	89
130	decode	8	0.742327	101.575	13.837	73.6667	13.837	83
131	decode	8	0.743462	101.725	13.837	71.8333	13.837	75
132	decode	8	0.741624	101.468	13.837	71.6667	13.837	74
133	decode	8	0.737803	100.94	13.837	74.7143	13.837	87
134	decode	8	0.724659	99.1361	13.837	69.8333	13.837	73
135	decode	8	0.723042	98.9096	13.837	71.5	13.837	73
136	decode	8	0.722358	98.8108	13.837	73.2857	13.837	88
137	decode	8	0.718303	98.2507	13.837	69.5	13.837	72
138	decode	8	0.723812	98.9989	13.837	72.3333	13.837	86
139	decode	8	0.723187	98.9081	13.837	69.5	13.837	72
140	decode	8	0.730087	99.8464	13.837	74.1429	13.837	80
141	decode	8	0.72962	99.7772	13.837	71.3333	13.837	72
142	decode	8	0.731463	100.024	13.837	73.5	13.837	83
143	decode	8	0.747591	102.224	13.995	74.8	14.232	76
144	decode	8	0.70521	96.4235	13.8934	71	14.232	89
145	decode	8	0.742224	101.479	13.9028	76	14.232	90
146	decode	8	0.73633	100.668	13.9687	74	14.232	81
147	decode	8	0.727722	99.4856	14.232	71	14.232	74
148	decode	8	0.713169	97.4908	14.232	72.8571	14.232	80
149	decode	8	0.718252	98.1804	14.232	70.6667	14.232	72
150	decode	8	0.701315	95.8601	14.1191	71.7143	14.232	84
151	decode	8	0.726675	99.3211	14.0345	70.6667	14.232	73
152	decode	8	0.726931	99.3508	14.232	72.1667	14.232	79
153	decode	8	0.731846	100.017	14.232	75.1429	14.232	89
154	decode	8	0.72086	98.5104	14.232	70.1667	14.232	74
155	decode	8	0.73984	101.099	14.232	73.6667	14.232	75
156	decode	8	0.719954	98.376	14.232	71.8571	14.232	77
157	decode	8	0.728875	99.5896	14.232	71.8333	14.232	74
158	decode	8	0.738365	100.881	14.232	75.7143	14.232	81
159	decode	8	0.73573	100.515	14.232	75	14.232	83
160	decode	8	0.716047	97.8212	14.232	71.6667	14.232	74
161	decode	8	0.717076	97.9564	14.232	72.1667	14.232	74
162	decode	8	0.730544	99.7909	14.232	75.5714	14.232	86
163	decode	8	0.730616	99.7953	14.232	71.5	14.232	72
164	decode	8	0.728163	99.455	14.232	72	14.232	74
165	decode	8	0.743008	101.477	14.232	74.5	14.232	82
166	decode	8	0.722674	98.6947	14.232	70.8333	14.232	74
167	decode	8	0.718756	98.1543	14.232	74.6667	14.232	83
168	decode	8	0.721449	98.5168	14.232	75	14.232	86
169	decode	8	0.72463	98.9458	14.232	73	14.232	76
170	decode	8	0.724366	98.9045	14.232	74.5	14.232	87
171	decode	8	0.712534	97.2838	14.232	73.7143	14.232	89
172	decode	8	0.72064	98.3851	14.232	72.5	14.232	74
173	decode	8	0.713528	97.409	14.232	73.4286	14.232	83
174	decode	8	0.717868	97.9962	14.232	71.1667	14.232	73
175	decode	8	0.710811	97.0277	14.232	74	14.232	85
176	decode	8	0.709483	96.8412	14.232	70.5	14.232	74
177	decode	8	0.723734	98.7811	14.232	74.8333	14.232	89
178	decode	8	0.641502	87.5527	14.1756	66.8571	14.232	89
179	decode	8	0.707545	96.5611	13.837	71.2857	13.837	83
180	decode	8	0.732058	99.9012	13.9499	75.8571	14.232	85
181	decode	8	0.720914	98.3751	14.0345	73.8333	14.232	82
182	decode	8	0.718061	97.9804	14.232	70.6667	14.232	72
183	decode	8	0.702362	95.8333	14.232	73.7143	14.232	82
184	decode	8	0.703615	95.9991	14.232	69	14.232	71
185	decode	8	0.702957	95.9041	14.232	72.1429	14.232	87
186	decode	8	0.705922	96.3034	14.232	73.1429	14.232	83
187	decode	8	0.696072	94.9546	14.232	69	14.232	73
188	decode	8	0.698446	95.2733	14.232	71.2857	14.232	86
189	decode	8	0.711588	97.0608	14.232	73.8571	14.232	87
190	decode	8	0.710835	96.9529	14.232	71.1667	14.232	74
191	decode	8	0.704367	96.0655	14.232	72.8571	14.232	87
192	decode	8	0.719354	98.1043	14.232	72.7143	14.232	84
193	decode	8	0.698949	95.3164	14.232	71.4286	14.232	86
194	decode	8	0.693238	94.5325	14.232	69.3333	14.232	76
195	decode	8	0.710218	96.8428	14.2363	73.5714	14.238	90
196	decode	8	0.706507	96.3316	14.2329	73.2857	14.238	89
197	decode	8	0.716435	97.68	14.232	75.7143	14.232	84
198	decode	8	0.735122	100.223	14.232	72.5	14.232	76
199	decode	8	0.715791	97.5818	14.232	71.3333	14.232	78
200	decode	8	0.725056	98.8395	14.232	77.1429	14.232	90
201	decode	8	0.741859	101.125	14.232	75.1667	14.232	80
202	decode	8	0.741907	101.126	14.298	74.5	14.628	76
203	decode	8	0.710674	96.8634	14.3451	72.5714	14.628	77
204	decode	8	0.722322	98.4457	14.298	72.3333	14.628	76
205	decode	8	0.73405	100.039	14.3451	76.2857	14.628	90
206	decode	8	0.74769	101.892	14.628	74.6667	14.628	78
207	decode	8	0.751463	102.401	14.628	76.1667	14.628	77
208	decode	8	0.747395	101.841	14.628	77	14.628	79
209	decode	8	0.721596	98.3204	14.628	71.8333	14.628	77
210	decode	8	0.740761	100.926	14.628	74.3333	14.628	76
211	decode	8	0.731645	99.6789	14.628	76.1429	14.628	90
212	decode	8	0.732322	99.7658	14.627	73.3333	14.628	77
213	decode	8	0.735812	100.236	14.6263	78.5714	14.628	89
214	decode	8	0.71487	97.3778	14.625	71.8333	14.628	76
215	decode	8	0.741719	101.03	14.622	77.2857	14.622	87
216	decode	8	0.738475	100.582	14.622	74.6667	14.622	77
217	decode	8	0.731597	99.6404	14.622	72.6667	14.622	76
218	decode	8	0.737973	100.503	14.622	77.1429	14.622	88
219	decode	8	0.732779	99.7906	14.622	75.6667	14.622	76
220	decode	8	0.723244	98.4869	14.622	74.1429	14.622	86
221	decode	8	0.73552	100.153	14.622	75.3333	14.622	76
222	decode	8	0.730377	99.4475	14.622	73.1667	14.622	75
223	decode	8	0.710833	96.7812	14.622	72.8571	14.622	78
224	decode	8	0.72477	98.6735	14.622	73.6667	14.622	76
225	decode	8	0.72433	98.6084	14.622	72.8333	14.622	74
226	decode	8	0.712371	96.9752	14.622	73.8571	14.622	87
227	decode	8	0.71442	97.2489	14.6237	74.4286	14.628	81
228	decode	8	0.729544	99.3023	14.625	73	14.628	75
229	decode	8	0.722048	98.2767	14.6246	75.4286	14.628	81
230	decode	8	0.732158	99.6474	14.628	74.1667	14.628	75
231	decode	8	0.722558	98.3355	14.628	76.2857	14.628	86
232	decode	8	0.719538	97.9193	14.628	71.3333	14.628	74
233	decode	8	0.713656	97.1137	14.628	73.2857	14.628	86
234	decode	8	0.703006	95.6593	14.628	73	14.628	79
235	decode	8	0.668275	90.9285	14.628	68.5714	14.628	76
236	decode	8	0.637486	86.7347	14.4017	64.1429	14.628	70
237	decode	8	0.704087	95.791	14.232	70.1667	14.232	73
238	decode	8	0.697082	94.833	14.232	70.1667	14.232	74
239	decode	8	0.692303	94.1778	14.232	73.2857	14.232	80
240	decode	8	0.681037	92.6401	14.232	70.8571	14.232	75
241	decode	8	0.688229	93.6135	14.232	71.5714	14.232	75
242	decode	8	0.696372	94.7161	14.232	69.3333	14.232	72
243	decode	8	0.689	93.7083	14.232	70.5	14.232	73
244	decode	8	0.685023	93.1625	14.232	71.1429	14.232	85
245	decode	8	0.656541	89.2841	14.232	68.8571	14.232	83
246	decode	8	0.68461	93.0963	14.232	70.8571	14.232	84
247	decode	8	0.675765	91.8887	14.232	72.1429	14.232	87
248	decode	8	0.67994	92.4515	14.232	69.1667	14.232	74
249	decode	8	0.686743	93.3714	14.232	70	14.232	72
250	decode	8	0.691451	94.0065	14.232	71.5714	14.232	88
251	decode	8	0.687564	93.4731	14.232	72	14.232	87
252	decode	8	0.663412	90.1848	14.232	70.4286	14.232	86
253	decode	8	0.689934	93.7852	14.232	72.8571	14.232	88
254	decode	8	0.687524	93.4526	14.232	69.3333	14.232	72
255	decode	8	0.686717	93.338	14.2299	73	14.232	88
