0	prefill	202.22	5.92105	973.082	13.3254	91.3529	15.023	95
1	decode	2.00988	0.184479	25.4192	15.221	64.8333	15.419	92
2	decode	2.00996	0.194504	26.7991	14.6268	65.6667	15.023	80
3	decode	2.01005	0.199073	27.4272	14.0978	68	14.232	77
4	decode	2.01013	0.203805	28.0776	13.758	66.2	13.837	69
5	decode	2.01021	0.199083	27.4256	13.442	68.6667	13.442	77
6	decode	2.01029	0.200931	27.6787	13.1252	65.4	13.442	67
7	decode	2.01037	0.202924	27.9517	13.046	69	13.046	80
8	decode	2.01045	0.190026	26.1737	12.7168	65.8333	13.046	87
9	decode	2.01053	0.205129	28.2524	12.651	71.8333	12.651	80
10	decode	2.01062	0.205964	28.3658	12.493	67.2	12.651	69
11	decode	2.0107	0.202575	27.8976	12.335	67.4	12.651	71
12	decode	2.01078	0.207056	28.5132	12.256	71.1667	12.256	84
13	decode	2.01086	0.204148	28.1111	12.256	68.4	12.256	71
14	decode	2.01094	0.202515	27.8848	12.256	69	12.256	80
15	decode	2.01102	0.199817	27.5118	12.256	66.6	12.256	68
16	decode	2.01111	0.191564	26.3741	11.926	66.3333	12.256	80
17	decode	2.01119	0.203337	27.9935	11.926	70.6667	12.256	82
18	decode	2.01127	0.203238	27.9783	11.86	66.2	11.86	68
19	decode	2.01135	0.206518	28.4284	11.86	69.4	11.86	73
20	decode	2.01143	0.206928	28.4832	11.86	74	11.86	88
21	decode	2.01151	0.206273	28.3914	11.86	67	11.86	70
22	decode	2.01159	0.205356	28.2638	12.0184	67.2	12.256	70
23	decode	2.01168	0.20681	28.4623	12.256	72.2	12.256	89
24	decode	2.01176	0.206115	28.3652	12.256	69.6	12.256	76
25	decode	2.01184	0.208933	28.7514	12.256	69.4	12.256	72
26	decode	2.01192	0.212497	29.2402	12.256	71.2	12.256	74
27	decode	2.012	0.207979	28.6171	12.256	75	12.256	88
28	decode	2.01208	0.20527	28.2428	12.256	67.25	12.256	69
29	decode	2.01216	0.205693	28.2994	12.256	71	12.256	87
30	decode	2.01225	0.206111	28.3554	12.257	68.6	12.261	70
31	decode	2.01233	0.208879	28.7347	12.256	71.4	12.256	83
32	decode	2.01241	0.200384	27.5645	12.258	65.6	12.261	68
33	decode	2.01249	0.20007	27.5198	12.257	69.2	12.261	72
34	decode	2.01257	0.202888	27.906	12.256	65.4	12.256	70
35	decode	2.01265	0.174905	24.0558	11.9928	57.3333	12.256	78
36	decode	2.01273	0.197443	27.1541	11.86	65.8	11.86	67
37	decode	2.01282	0.200031	27.5086	11.86	67.6667	11.86	76
38	decode	2.0129	0.206743	28.4301	12.1768	68.2	12.256	74
39	decode	2.01298	0.204989	28.1874	12.256	70.5	12.256	85
40	decode	2.01306	0.209115	28.7531	12.257	68	12.261	71
41	decode	2.01314	0.209704	28.8325	12.2577	74.1667	12.261	88
42	decode	2.01322	0.208183	28.6218	12.256	68.6	12.256	70
43	decode	2.01331	0.207928	28.5853	12.256	72.3333	12.256	83
44	decode	2.01339	0.204124	28.0608	12.256	67	12.256	68
45	decode	2.01347	0.20362	27.99	12.256	73.8333	12.256	89
46	decode	2.01355	0.204764	28.1458	12.256	68.2	12.256	71
47	decode	2.01363	0.203428	27.9605	12.256	67.4	12.256	71
48	decode	2.01371	0.203641	27.9883	12.256	72	12.256	86
49	decode	2.01379	0.206657	28.4013	12.256	69	12.256	71
50	decode	2.01388	0.201431	27.6816	12.256	66.6	12.256	69
51	decode	2.01396	0.200389	27.5369	12.256	72.5	12.256	88
52	decode	2.01404	0.204196	28.0585	12.256	65.8	12.256	67
53	decode	2.01412	0.204805	28.1407	12.256	68	12.256	70
54	decode	2.0142	0.205933	28.2942	12.256	72	12.256	84
55	decode	2.01428	0.211751	29.092	12.256	73.6	12.256	85
56	decode	2.01436	0.206553	28.3763	12.256	70.8	12.256	82
57	decode	2.01445	0.203781	27.994	12.256	67.4	12.256	72
58	decode	2.01453	0.195609	26.87	12.256	67.5	12.256	77
59	decode	2.01461	0.20451	28.0911	12.256	68	12.256	70
60	decode	2.01469	0.206197	28.3212	12.256	74.1667	12.256	88
61	decode	2.01477	0.208664	28.6586	12.256	69.8	12.256	72
62	decode	2.01485	0.20292	27.8681	12.256	67.2	12.256	69
63	decode	2.01493	0.208672	28.6565	12.256	73.1667	12.256	88
64	decode	2.01501	0.206494	28.3559	12.256	67.8	12.256	70
65	decode	2.0151	0.205694	28.2446	12.256	72.5	12.256	89
66	decode	2.01518	0.208433	28.6191	12.256	69.2	12.256	72
67	decode	2.01526	0.205775	28.2527	12.256	71.6667	12.256	86
68	decode	2.01534	0.205318	28.1884	12.256	66.8	12.256	70
69	decode	2.01542	0.211717	29.0654	12.256	73.6	12.256	88
70	decode	2.0155	0.211889	29.0873	12.2577	75.6667	12.261	86
71	decode	2.01558	0.211961	29.0957	12.261	71.4	12.261	75
72	decode	2.01567	0.202983	27.8618	12.261	68.2	12.261	70
73	decode	2.01575	0.205284	28.176	12.2585	71.6667	12.261	87
74	decode	2.01583	0.205725	28.2351	12.26	68	12.261	72
75	decode	2.01591	0.204474	28.0618	12.2602	71.1667	12.261	88
76	decode	2.01599	0.207281	28.4456	12.257	69	12.261	71
77	decode	2.01607	0.208155	28.564	12.2568	73	12.261	88
78	decode	2.01615	0.205916	28.2552	12.256	68.2	12.256	70
79	decode	2.01624	0.206126	28.2825	12.256	71.3333	12.256	80
80	decode	2.01632	0.201754	27.6811	12.256	64.8	12.256	73
81	decode	2.0164	0.210371	28.8618	12.256	72.6	12.256	83
82	decode	2.01648	0.207187	28.4235	12.2585	69.5	12.261	72
83	decode	2.01656	0.207722	28.4953	12.26	74.6	12.261	88
84	decode	2.01664	0.204726	28.0829	12.261	67.8	12.261	69
85	decode	2.01672	0.207299	28.4343	12.261	72.1667	12.261	81
86	decode	2.01681	0.204113	27.9957	12.256	68	12.256	70
87	decode	2.01689	0.205128	28.1334	12.2602	72.8333	12.261	88
88	decode	2.01697	0.200954	27.5595	12.256	66.2	12.256	67
89	decode	2.01705	0.205861	28.2309	12.256	72.8333	12.256	86
90	decode	2.01713	0.201689	27.6573	12.256	66.6	12.256	72
91	decode	2.01721	0.207609	28.4675	12.256	73.1667	12.256	87
92	decode	2.01729	0.20858	28.5991	12.256	69.8	12.256	71
93	decode	2.01737	0.210117	28.8083	12.256	73.5	12.256	82
94	decode	2.01746	0.204352	28.0164	12.256	67.8	12.256	68
95	decode	2.01754	0.207258	28.4133	12.256	69.6	12.256	72
96	decode	2.01762	0.203187	27.8538	12.256	70.8333	12.256	89
97	decode	2.0177	0.200674	27.5077	12.256	66.8	12.256	70
98	decode	2.01778	0.209608	28.7308	12.256	74	12.256	88
99	decode	2.01786	0.21097	28.9159	12.256	73.8333	12.256	85
100	decode	2.01794	0.202716	27.7832	12.256	69	12.256	71
101	decode	2.01803	0.213276	29.2289	12.256	73	12.256	83
102	decode	2.01811	0.212318	29.0959	12.256	69.75	12.256	72
103	decode	2.01819	0.207994	28.5019	12.256	75	12.256	89
104	decode	2.01827	0.206938	28.3557	12.257	69.4	12.261	72
105	decode	2.01835	0.208094	28.5125	12.256	72.6667	12.256	85
106	decode	2.01843	0.202771	27.7817	12.256	67	12.256	69
107	decode	2.01851	0.205872	28.205	12.256	72.3333	12.256	88
108	decode	2.01859	0.206739	28.3223	12.256	68.6	12.256	72
109	decode	2.01868	0.208932	28.6211	12.256	74.2	12.256	89
110	decode	2.01876	0.205376	28.1325	12.256	68.4	12.256	69
111	decode	2.01884	0.205907	28.2037	12.256	69.6	12.256	72
112	decode	2.01892	0.207446	28.4131	12.256	71	12.256	81
113	decode	2.019	0.210748	28.8637	12.256	70.75	12.256	72
114	decode	2.01908	0.212394	29.0876	12.256	75.5	12.256	88
115	decode	2.01916	0.208703	28.5806	12.256	69.4	12.256	72
116	decode	2.01924	0.206732	28.3091	12.256	69.8	12.256	71
117	decode	2.01933	0.206196	28.2342	12.256	73.1667	12.256	88
118	decode	2.01941	0.207318	28.3864	12.253	70.4	12.256	73
119	decode	2.01949	0.202942	27.7857	12.2527	70.3333	12.256	87
120	decode	2.01957	0.210949	28.8804	12.256	71	12.256	73
121	decode	2.01965	0.205886	28.1856	12.256	72	12.256	89
122	decode	2.01973	0.202009	27.6535	12.256	67.4	12.256	70
123	decode	2.01981	0.20727	28.3721	12.256	72.3333	12.256	84
124	decode	2.01989	0.20614	28.2159	12.256	69.2	12.256	71
125	decode	2.01998	0.206702	28.2914	12.256	74.6667	12.256	89
126	decode	2.02006	0.206485	28.2602	12.256	69.2	12.256	72
127	decode	2.02014	0.209005	28.6035	12.256	70.6	12.256	74
128	decode	2.02022	0.207051	28.3345	12.256	74.5	12.256	89
129	decode	2.0203	0.208631	28.5492	12.256	70.2	12.256	71
130	decode	2.02038	0.207724	28.4235	12.256	69.8	12.256	74
131	decode	2.02046	0.205896	28.1719	12.256	72.5	12.256	83
132	decode	2.02055	0.204237	27.9434	12.256	68.4	12.256	71
133	decode	2.02063	0.207692	28.4145	12.256	70	12.256	72
134	decode	2.02071	0.20948	28.6577	12.256	75	12.256	86
135	decode	2.02079	0.209172	28.6139	12.257	70.8	12.261	74
136	decode	2.02087	0.207497	28.3833	12.256	70	12.256	72
137	decode	2.02095	0.214348	29.3189	12.257	75.2	12.261	89
138	decode	2.02103	0.20733	28.3574	12.261	72.6	12.261	87
139	decode	2.02111	0.206036	28.1789	12.261	71.5	12.261	85
140	decode	2.02119	0.209206	28.611	12.261	69.8	12.261	71
141	decode	2.02128	0.208158	28.4661	12.3268	72.6667	12.656	89
142	decode	2.02136	0.205748	28.1351	12.261	71	12.261	74
143	decode	2.02144	0.205439	28.0912	12.261	73.6667	12.261	88
144	decode	2.02152	0.202443	27.68	12.261	67	12.261	72
145	decode	2.0216	0.211322	28.8926	12.261	74	12.261	87
146	decode	2.02168	0.207492	28.3673	12.261	70.2	12.261	71
147	decode	2.02176	0.20878	28.5419	12.34	71.4	12.656	73
148	decode	2.02184	0.21565	29.4796	12.417	75.4	12.656	89
149	decode	2.02193	0.210522	28.777	12.4552	73.8333	12.656	89
150	decode	2.02201	0.205077	28.0312	12.656	69.6	12.656	71
151	decode	2.02209	0.208233	28.461	12.497	73.8	12.656	89
152	decode	2.02217	0.205879	28.1378	12.261	69	12.261	72
153	decode	2.02225	0.211339	28.8825	12.26	72	12.261	75
154	decode	2.02233	0.220165	30.0871	12.256	77	12.256	90
155	decode	2.02241	0.212047	28.9761	12.256	76.5	12.256	90
156	decode	2.02249	0.219343	29.9715	12.256	73.25	12.256	74
157	decode	2.02258	0.215337	29.4226	12.5193	77.1667	12.651	88
158	decode	2.02266	0.207645	28.3701	12.651	69	12.651	70
159	decode	2.02274	0.204767	27.9752	12.651	69.6	12.651	72
160	decode	2.02282	0.201105	27.4735	12.651	72.1667	12.651	89
161	decode	2.0229	0.207976	28.4106	12.256	70	12.256	73
162	decode	2.02298	0.205056	28.0103	12.256	71.1667	12.256	86
163	decode	2.02306	0.207871	28.3932	12.335	70.2	12.651	72
164	decode	2.02314	0.205429	28.0582	12.3877	72	12.651	85
165	decode	2.02323	0.209989	28.6795	12.336	71.8	12.656	74
166	decode	2.02331	0.214431	29.2846	12.6518	78	12.656	91
167	decode	2.02339	0.212394	29.0049	12.652	73.6	12.656	78
168	decode	2.02347	0.212516	29.0199	12.574	72	12.656	74
169	decode	2.02355	0.210135	28.6933	12.651	73.8333	12.651	84
170	decode	2.02363	0.210797	28.7821	12.651	71.4	12.651	74
171	decode	2.02371	0.210583	28.7513	12.651	71.2	12.651	74
172	decode	2.02379	0.215506	29.4219	12.656	76.6	12.656	88
173	decode	2.02387	0.20974	28.6332	12.656	74.1667	12.656	85
174	decode	2.02396	0.205524	28.0561	12.654	70	12.656	76
175	decode	2.02404	0.208489	28.4593	12.656	76.1667	12.656	90
176	decode	2.02412	0.207195	28.2811	12.656	70.6	12.656	73
177	decode	2.0242	0.207918	28.3783	12.656	69.6	12.656	73
178	decode	2.02428	0.210285	28.6999	12.656	75	12.656	91
179	decode	2.02436	0.208533	28.4593	12.656	70.5	12.656	73
180	decode	2.02444	0.197897	27.0062	12.656	69.6667	12.656	88
181	decode	2.02452	0.219273	29.9218	12.656	75	12.656	83
182	decode	2.0246	0.208766	28.4865	12.656	73.3333	12.656	89
183	decode	2.02469	0.207637	28.3309	12.656	71.4	12.656	73
184	decode	2.02477	0.2075	28.3107	12.656	73.1667	12.656	89
185	decode	2.02485	0.207542	28.3149	12.656	71.8	12.656	73
186	decode	2.02493	0.208087	28.3876	12.656	73.1667	12.656	80
187	decode	2.02501	0.210031	28.6513	12.654	71.2	12.656	73
188	decode	2.02509	0.207767	28.341	12.6535	74.5	12.656	85
189	decode	2.02517	0.204668	27.9168	12.652	70	12.656	72
190	decode	2.02525	0.212026	28.9189	12.651	72.8	12.651	78
191	decode	2.02533	0.209776	28.6105	12.656	72.2	12.656	80
192	decode	2.02542	0.204136	27.8397	12.656	69.8	12.656	71
193	decode	2.0255	0.20892	28.4907	12.6543	75	12.656	88
194	decode	2.02558	0.209167	28.5229	12.654	70.8	12.656	73
195	decode	2.02566	0.206568	28.1668	12.651	72.2	12.651	79
196	decode	2.02574	0.202698	27.6377	12.651	68.8	12.651	71
197	decode	2.02582	0.208356	28.4076	12.651	71	12.651	74
198	decode	2.0259	0.210374	28.6812	12.651	75.6667	12.651	88
199	decode	2.02598	0.208669	28.4472	12.651	70	12.651	72
200	decode	2.02606	0.216252	29.4795	12.651	72.2	12.651	74
201	decode	2.02615	0.217568	29.6572	12.6518	77.5	12.656	85
202	decode	2.02623	0.20918	28.5123	12.652	70.4	12.656	73
203	decode	2.02631	0.207932	28.3407	12.651	71.2	12.651	72
204	decode	2.02639	0.208134	28.3666	12.651	73.3333	12.651	86
205	decode	2.02647	0.204434	27.8609	12.651	69.4	12.651	70
206	decode	2.02655	0.205113	27.952	12.656	73.4	12.656	84
207	decode	2.02663	0.20388	27.7824	12.656	69.2	12.656	74
208	decode	2.02671	0.192721	26.2604	12.391	65.5	12.656	80
209	decode	2.02679	0.199754	27.2173	12.26	67.8	12.261	70
210	decode	2.02688	0.202857	27.6387	12.261	74	12.261	89
211	decode	2.02696	0.204388	27.8458	12.26	69.4	12.261	72
212	decode	2.02704	0.205853	28.0438	12.256	73.6667	12.256	84
213	decode	2.02712	0.200447	27.3059	12.256	67.8	12.256	71
214	decode	2.0272	0.214562	29.2271	12.256	74.6	12.256	85
215	decode	2.02728	0.213665	29.1033	12.3218	75.5	12.651	87
216	decode	2.02736	0.209691	28.5606	12.651	70	12.651	72
217	decode	2.02744	0.207394	28.2462	12.4535	73.1667	12.651	84
218	decode	2.02752	0.20923	28.4947	12.651	71.4	12.651	74
219	decode	2.02761	0.203791	27.7524	12.651	69.4	12.651	70
220	decode	2.02769	0.200659	27.3245	12.651	69	12.651	76
221	decode	2.02777	0.209394	28.5125	12.651	70.4	12.651	72
222	decode	2.02785	0.20694	28.1769	12.651	73	12.651	87
223	decode	2.02793	0.206337	28.0932	12.651	72.5	12.651	83
224	decode	2.02801	0.202296	27.5415	12.652	68	12.656	70
225	decode	2.02809	0.205337	27.954	12.656	73.1667	12.656	81
226	decode	2.02817	0.207918	28.3039	12.656	71.4	12.656	73
227	decode	2.02825	0.205938	28.0329	12.656	70.4	12.656	72
228	decode	2.02833	0.210746	28.6858	12.656	76.1667	12.656	89
229	decode	2.02842	0.211329	28.7636	12.656	71.6	12.656	76
230	decode	2.0285	0.20448	27.83	12.656	69.6	12.656	71
231	decode	2.02858	0.208274	28.3448	12.656	75.6667	12.656	88
232	decode	2.02866	0.210462	28.6411	12.656	71.8	12.656	76
233	decode	2.02874	0.212461	28.9115	12.656	71.8	12.656	74
234	decode	2.02882	0.207538	28.24	12.656	72.8	12.656	80
235	decode	2.0289	0.212539	28.9191	12.656	73.6	12.656	83
236	decode	2.02898	0.207533	28.2364	12.656	69.8	12.656	72
237	decode	2.02906	0.204034	27.7589	12.656	70.4	12.656	73
238	decode	2.02914	0.201244	27.3777	12.652	68	12.656	69
239	decode	2.02923	0.206872	28.1419	12.651	73.3333	12.651	87
240	decode	2.02931	0.207481	28.2232	12.651	69.4	12.651	73
241	decode	2.02939	0.205979	28.0175	12.656	70.8	12.656	72
242	decode	2.02947	0.210905	28.6859	12.656	76.6667	12.656	88
243	decode	2.02955	0.211059	28.7054	12.656	71.4	12.656	75
244	decode	2.02963	0.213013	28.9696	12.656	72.4	12.656	76
245	decode	2.02971	0.208025	28.2897	12.656	73.6667	12.656	90
246	decode	2.02979	0.2051	27.8904	12.656	69.4	12.656	71
247	decode	2.02987	0.203175	27.6272	12.656	72.6667	12.656	89
248	decode	2.02996	0.205913	27.9979	12.656	71	12.656	75
249	decode	2.03004	0.202955	27.5943	12.656	73	12.656	88
250	decode	2.03012	0.207718	28.2403	12.653	70.6	12.656	72
251	decode	2.0302	0.20418	27.758	12.651	72.5	12.651	88
252	decode	2.03028	0.203795	27.704	12.651	68.4	12.651	71
253	decode	2.03036	0.211894	28.8035	12.651	76.1667	12.651	88
254	decode	2.03044	0.206533	28.0733	12.651	69.6	12.651	72
255	decode	2.03052	0.208657	28.3604	12.651	72.6	12.651	77
