0	prefill	428.426	43.5268	3327.48	19.135	95.4	23.326	97
1	decode	7.99809	1.0473	73.9395	23.0433	93.8571	24.116	97
2	decode	7.99806	1.05771	74.6727	20.9536	93.2857	21.744	97
3	decode	7.99802	1.04706	73.9185	19.2405	95.6667	19.768	97
4	decode	7.99799	1.05547	74.5102	18.1296	95.1429	18.581	97
5	decode	7.99796	1.04428	73.7181	17.0494	96	17.395	97
6	decode	7.99793	1.06586	75.2393	16.341	95.1667	16.605	97
7	decode	7.9979	1.0398	73.3976	15.6823	95.5	15.814	97
8	decode	7.99786	1.04857	74.0149	15.2493	95.8571	15.419	97
9	decode	7.99783	1.03849	73.3008	14.9666	95.5714	15.023	97
10	decode	7.9978	1.05361	74.3665	14.628	95.8571	14.628	97
11	decode	7.99777	1.0418	73.5305	14.5714	95.5714	14.628	97
12	decode	7.99773	1.05227	74.2676	14.232	95.2857	14.232	97
13	decode	7.9977	1.03509	73.053	14.232	96.1429	14.232	97
14	decode	7.99767	1.02346	72.2301	14.232	92.3333	14.232	97
15	decode	7.99764	1.0303	72.7103	13.8864	95.875	14.232	97
16	decode	7.99761	1.04531	73.7676	13.837	95.1429	13.837	97
17	decode	7.99757	1.03789	73.2424	13.837	95.8333	13.837	97
18	decode	7.99754	1.04921	74.0388	13.837	95.2857	13.837	97
19	decode	7.99751	1.03206	72.8267	13.837	95.875	13.837	97
20	decode	7.99748	1.04865	73.995	13.837	95.1429	13.837	97
21	decode	7.99744	1.03052	72.7139	13.837	95.1429	13.837	97
22	decode	7.99741	1.04716	73.8857	13.837	92.5714	13.837	97
23	decode	7.99738	1.02994	72.6686	13.837	95.875	13.837	97
24	decode	7.99735	1.05022	74.0975	13.837	95.5	13.837	97
25	decode	7.99731	1.02762	72.5012	13.837	95.5	13.837	97
26	decode	7.99728	1.03939	73.329	13.837	95.5714	13.837	97
27	decode	7.99725	1.03252	72.8422	13.837	95	13.837	97
28	decode	7.99722	1.04334	73.604	13.837	95.2857	13.837	97
29	decode	7.99719	1.02687	72.4399	13.837	95.75	13.837	97
30	decode	7.99715	1.0498	74.0555	13.837	94.4286	13.837	97
31	decode	7.99712	1.02672	72.4252	13.837	95	13.837	97
32	decode	7.99709	1.04034	73.3837	13.837	95.75	13.837	97
33	decode	7.99706	1.02155	72.0562	13.837	95	13.837	97
34	decode	7.99702	1.0309	72.7136	13.837	94.625	13.837	97
35	decode	7.99699	1.01885	71.8619	13.837	95	13.837	97
36	decode	7.99696	1.03363	72.9022	13.837	94.5714	13.837	97
37	decode	7.99693	1.01452	71.5525	13.837	95	13.837	97
38	decode	7.9969	1.02731	72.4526	13.837	93.5	13.837	97
39	decode	7.99686	1.02108	72.0108	13.837	95.1429	13.837	97
40	decode	7.99683	1.03521	73.0056	13.837	95.5714	13.837	97
41	decode	7.9968	1.02017	71.9428	13.837	95.7143	13.837	97
42	decode	7.99677	1.03013	72.643	13.837	94.1429	13.837	97
43	decode	7.99673	1.01866	71.8319	13.837	94.2857	13.837	97
44	decode	7.9967	1.02886	72.5492	14.0063	95.2857	14.232	97
45	decode	7.99667	1.02122	72.0084	14.1191	95.1429	14.232	97
46	decode	7.99664	1.02724	72.4313	13.837	91.8571	13.837	97
47	decode	7.99661	1.01928	71.8681	13.9499	95.2857	14.232	97
48	decode	7.99657	1.02734	72.434	14.1756	95.1429	14.232	97
49	decode	7.99654	1.02083	71.973	14.232	94.8571	14.232	97
50	decode	7.99651	1.0311	72.695	14.232	94.625	14.232	97
51	decode	7.99648	1.01598	71.6268	14.232	94.5714	14.232	97
52	decode	7.99644	1.02776	72.4551	14.232	94.75	14.232	96
53	decode	7.99641	1.01302	71.4146	14.232	94.2857	14.232	96
54	decode	7.99638	1.02643	72.3573	14.232	93.875	14.232	97
55	decode	7.99635	1.01564	71.5949	13.9499	95.2857	14.232	97
56	decode	7.99632	1.02957	72.5746	14.0627	92.1429	14.232	97
57	decode	7.99628	1.0195	71.8632	14.232	94.8571	14.232	97
58	decode	7.99625	1.02548	72.2826	14.232	95.1429	14.232	97
59	decode	7.99622	1.01412	71.4796	14.232	94.875	14.232	97
60	decode	7.99619	1.02896	72.5236	14.232	96	14.232	97
61	decode	7.99615	1.01594	71.6036	14.232	95.1429	14.232	97
62	decode	7.99612	1.03127	72.682	14.232	95.25	14.232	97
63	decode	7.99609	1.01295	71.3889	14.232	94.7143	14.232	96
64	decode	7.99606	1.02721	72.392	14.232	95.5	14.232	97
65	decode	7.99603	1.01258	71.3589	14.232	94	14.232	97
66	decode	7.99599	1.02808	72.4494	14.232	95.25	14.232	97
67	decode	7.99596	1.00527	70.8397	14.232	94.7143	14.232	97
68	decode	7.99593	1.01998	71.8745	14.232	95	14.232	97
69	decode	7.9959	1.01311	71.3885	14.232	95.375	14.232	97
70	decode	7.99586	1.02038	71.8983	14.232	94.875	14.232	97
71	decode	7.99583	1.00208	70.6071	14.232	95.2857	14.232	97
72	decode	7.9958	1.01363	71.4187	14.232	95.5	14.232	97
73	decode	7.99577	0.999726	70.4372	14.232	95.5	14.232	97
74	decode	7.99574	1.00962	71.1321	14.232	95.1429	14.232	97
75	decode	7.9957	1.00635	70.8998	14.232	95.7778	14.232	97
76	decode	7.99567	1.00952	71.1214	14.232	95.2857	14.232	97
77	decode	7.99564	1.00451	70.7666	14.232	95.7143	14.232	97
78	decode	7.99561	1.02353	72.1044	14.232	95.25	14.232	97
79	decode	7.99558	1.00952	71.1153	14.232	94.4286	14.232	97
80	decode	7.99554	1.01772	71.6909	14.232	95.2857	14.232	97
81	decode	7.99551	1.01062	71.1887	14.3451	94.5714	14.628	97
82	decode	7.99548	1.01076	71.1966	14.5714	95.7143	14.628	97
83	decode	7.99545	1.00735	70.9543	14.628	94.8571	14.628	97
84	decode	7.99541	1.00988	71.1308	14.628	95.75	14.628	97
85	decode	7.99538	1.00505	70.7884	14.628	94.75	14.628	97
86	decode	7.99535	1.02081	71.8965	14.628	94.8571	14.628	97
87	decode	7.99532	1.00448	70.7438	14.43	94.75	14.628	97
88	decode	7.99529	1.01224	71.2886	14.5149	95.1429	14.628	97
89	decode	7.99525	1.00766	70.9643	14.628	94.75	14.628	97
90	decode	7.99522	1.01308	71.3438	14.628	95.1429	14.628	97
91	decode	7.99519	1.00444	70.7336	14.628	93.375	14.628	97
92	decode	7.99516	1.0103	71.1442	14.628	95.2857	14.628	97
93	decode	7.99513	0.998339	70.2997	14.628	95.75	14.628	97
94	decode	7.99509	1.01305	71.3333	14.628	95	14.628	97
95	decode	7.99506	1.00074	70.4647	14.4795	95.25	14.628	97
96	decode	7.99503	1.00638	70.8598	14.628	95	14.628	97
97	decode	7.995	1.00326	70.6383	14.628	95.2857	14.628	97
98	decode	7.99496	1.00946	71.0729	14.628	94.5714	14.628	97
99	decode	7.99493	0.997582	70.2345	14.628	95	14.628	97
100	decode	7.9949	1.00722	70.9112	14.628	95.2857	14.628	97
101	decode	7.99487	0.999115	70.3384	14.628	96	14.628	97
102	decode	7.99484	1.0182	71.6802	14.628	93.375	14.628	97
103	decode	7.9948	1.0024	70.5654	14.628	95.4286	14.628	97
104	decode	7.99477	1.01167	71.2162	14.628	94.5	14.628	97
105	decode	7.99474	1.00594	70.8111	14.628	94.1429	14.628	97
106	decode	7.99471	1.0119	71.2284	14.628	95.4286	14.628	97
107	decode	7.99468	0.997292	70.1982	14.628	95.75	14.628	97
108	decode	7.99464	1.00598	70.8075	14.628	94.875	14.628	97
109	decode	7.99461	0.998102	70.2512	14.628	94.4286	14.628	97
110	decode	7.99458	1.0147	71.4174	14.628	94.8571	14.628	97
111	decode	7.99455	0.998031	70.2423	14.628	95.75	14.628	97
112	decode	7.99452	1.00041	70.4078	14.628	95.375	14.628	97
113	decode	7.99448	1.00097	70.4454	14.628	95.375	14.628	97
114	decode	7.99445	1.00282	70.573	14.628	95.625	14.628	97
115	decode	7.99442	0.999935	70.3683	14.6774	92.75	15.023	97
116	decode	7.99439	1.00626	70.8117	14.6774	93	15.023	97
117	decode	7.99435	0.998656	70.2744	14.7409	95.5714	15.023	97
118	decode	7.99432	1.01851	71.6697	14.628	94.75	14.628	97
119	decode	7.99429	0.99362	69.916	14.628	94.5	14.628	97
120	decode	7.99426	1.00422	70.6598	14.628	95.8571	14.628	97
121	decode	7.99423	0.999838	70.3496	14.628	95.25	14.628	97
122	decode	7.99419	1.0046	70.6827	14.628	95.4286	14.628	97
123	decode	7.99416	0.994248	69.9523	14.7267	93	15.023	97
124	decode	7.99413	1.00053	70.392	14.7761	92.75	15.023	97
125	decode	7.9941	0.991561	69.7593	14.7761	93.125	15.023	97
126	decode	7.99407	1.01523	71.4223	14.6774	95	15.023	97
127	decode	7.99403	0.991231	69.7321	14.628	95.25	14.628	97
128	decode	7.994	0.998263	70.2249	14.628	95.75	14.628	97
129	decode	7.99397	0.988352	69.5257	14.628	95.5	14.628	97
130	decode	7.99394	0.996323	70.0845	14.628	95.1429	14.628	97
131	decode	7.99391	0.990773	69.6921	14.628	95.875	14.628	97
132	decode	7.99387	0.995186	70.0005	14.628	95.375	14.628	97
133	decode	7.99384	0.99404	69.9179	14.7973	95	15.023	97
134	decode	7.99381	1.00839	70.9251	14.628	94.8571	14.628	97
135	decode	7.99378	0.989295	69.5803	14.628	95.6667	14.628	97
136	decode	7.99375	0.988904	69.5508	14.628	95.875	14.628	97
137	decode	7.99371	0.979832	68.9108	14.7267	95.625	15.023	97
138	decode	7.99368	0.984662	69.2485	14.7267	95	15.023	97
139	decode	7.99365	0.981986	69.0584	14.8036	93.1111	15.023	97
140	decode	7.99362	0.989927	69.6149	14.9101	95.5714	15.023	97
141	decode	7.99359	0.985415	69.2956	15.023	95.875	15.023	97
142	decode	7.99355	0.998475	70.212	15.023	94.4286	15.023	97
143	decode	7.99352	0.981452	69.013	14.8749	95.625	15.023	97
144	decode	7.99349	0.989145	69.552	14.7973	95.4286	15.023	97
145	decode	7.99346	0.979829	68.895	14.9101	95.5714	15.023	97
146	decode	7.99343	0.990724	69.6591	15.023	95.75	15.023	97
147	decode	7.99339	0.988554	69.5046	15.023	95.125	15.023	97
148	decode	7.99336	0.989182	69.5468	15.023	95.5	15.023	97
149	decode	7.99333	0.983743	69.1624	15.023	95.375	15.023	97
150	decode	7.9933	0.996394	70.0499	15.023	95.1429	15.023	97
151	decode	7.99327	0.976801	68.6705	15.023	94.875	15.023	97
152	decode	7.99323	0.982866	69.0949	15.023	95.625	15.023	97
153	decode	7.9932	0.979033	68.8235	15.023	95.4286	15.023	97
154	decode	7.99317	0.986396	69.3392	15.023	95.2857	15.023	97
155	decode	7.99314	0.984439	69.1996	15.023	95.2857	15.023	97
156	decode	7.99311	0.980748	68.9382	15.023	95.5714	15.023	97
157	decode	7.99307	0.982175	69.0366	15.023	95.2857	15.023	97
158	decode	7.99304	0.99984	70.2763	15.023	95.375	15.023	97
159	decode	7.99301	0.979527	68.8466	15.023	95.625	15.023	97
160	decode	7.99298	0.991936	69.7168	15.023	95.1429	15.023	97
161	decode	7.99295	0.974836	68.513	15.023	95.8889	15.023	97
162	decode	7.99291	0.992945	69.7838	15.023	95.375	15.023	97
163	decode	7.99288	0.973637	68.4249	15.023	94.875	15.023	96
164	decode	7.99285	0.986486	69.3259	15.023	94.5714	15.023	97
165	decode	7.99282	0.979757	68.8511	15.023	95.625	15.023	97
166	decode	7.99279	0.99419	69.8634	15.023	95	15.023	97
167	decode	7.99275	0.969512	68.1273	15.023	95.5	15.023	97
168	decode	7.99272	0.99161	69.6781	15.023	95.375	15.023	97
169	decode	7.99269	0.975818	68.5666	15.023	95.5714	15.023	97
170	decode	7.99266	0.986878	69.3417	15.023	95.5	15.023	97
171	decode	7.99263	0.971324	68.2469	15.023	95.625	15.023	97
172	decode	7.99259	0.99025	69.5747	15.023	94.875	15.023	97
173	decode	7.99256	0.974454	68.463	15.023	95.7143	15.023	97
174	decode	7.99253	0.995254	69.9224	15.023	95.1429	15.023	97
175	decode	7.9925	0.974375	68.4535	15.023	95.4444	15.023	97
176	decode	7.99247	0.987997	69.4086	15.023	94.4286	15.023	97
177	decode	7.99243	0.974116	68.4315	15.023	95.75	15.023	97
178	decode	7.9924	0.986354	69.2893	15.023	95.625	15.023	97
179	decode	7.99237	0.970244	68.1557	15.023	95	15.023	97
180	decode	7.99234	0.990446	69.5728	15.023	95.375	15.023	97
181	decode	7.99231	0.971127	68.2139	15.023	95.375	15.023	97
182	decode	7.99227	0.996138	69.9687	15.023	94.1429	15.023	97
183	decode	7.99224	0.971466	68.2338	15.023	95.5	15.023	97
184	decode	7.99221	0.991408	69.6325	15.023	94.4286	15.023	97
185	decode	7.99218	0.9651	67.7828	15.0725	95.25	15.419	97
186	decode	7.99215	0.991091	69.6063	15.1715	94.5	15.419	97
187	decode	7.99211	0.973339	68.3577	15.221	95.125	15.419	97
188	decode	7.99208	0.984596	69.1463	15.32	94.125	15.419	97
189	decode	7.99205	0.970017	68.1205	15.199	94.4444	15.419	97
190	decode	7.99202	0.995946	69.9394	15.023	94	15.023	96
191	decode	7.99199	0.965305	67.7858	15.1715	95.875	15.419	97
192	decode	7.99195	0.984127	69.1055	15.199	93.4444	15.419	97
193	decode	7.99192	0.967922	67.9657	15.3695	95.625	15.419	97
194	decode	7.99189	0.982927	69.0174	15.419	94	15.419	97
195	decode	7.99186	0.955012	67.0554	15.419	94.3333	15.419	97
196	decode	7.99183	0.983061	69.023	15.419	95.2857	15.419	97
197	decode	7.9918	0.961206	67.4865	15.419	95.1111	15.419	97
198	decode	7.99176	0.990024	69.5079	15.419	94.5714	15.419	97
199	decode	7.99173	0.965134	67.7585	15.1361	95.2857	15.419	97
200	decode	7.9917	0.984633	69.1255	15.32	95.375	15.419	97
201	decode	7.99167	0.965632	67.7896	15.419	95.25	15.419	97
202	decode	7.99164	0.985881	69.2092	15.419	95.625	15.419	97
203	decode	7.9916	0.966715	67.8618	15.419	95	15.419	97
204	decode	7.99157	0.985549	69.182	15.419	94.625	15.419	97
205	decode	7.99154	0.962403	67.5554	15.419	94.75	15.419	97
206	decode	7.99151	0.991138	69.5704	15.419	95.125	15.419	97
207	decode	7.99148	0.966905	67.8675	15.419	95.2857	15.419	97
208	decode	7.99144	0.985446	69.167	15.419	95.7143	15.419	97
209	decode	7.99141	0.957738	67.2203	15.419	95.625	15.419	97
210	decode	7.99138	0.979417	68.7399	15.419	95.25	15.419	97
211	decode	7.99135	0.958907	67.2986	15.419	95.7778	15.419	97
212	decode	7.99132	0.983296	69.0083	15.419	94.375	15.419	97
213	decode	7.99128	0.957532	67.1982	15.419	95.7778	15.419	97
214	decode	7.99125	0.994011	69.7564	15.419	94.75	15.419	97
215	decode	7.99122	0.9603	67.3887	15.419	95.875	15.419	97
216	decode	7.99119	0.981224	68.8551	15.419	95.4286	15.419	97
217	decode	7.99116	0.96019	67.3772	15.419	95.625	15.419	97
218	decode	7.99113	0.976358	68.5098	15.419	95.25	15.419	97
219	decode	7.99109	0.958052	67.2234	15.4684	95.375	15.814	97
220	decode	7.99106	0.980612	68.8044	15.419	95.4286	15.419	97
221	decode	7.99103	0.959738	67.3379	15.5177	95.875	15.814	97
222	decode	7.991	0.979333	68.7109	15.419	93.5	15.419	97
223	decode	7.99097	0.953057	66.8654	15.419	95	15.419	97
224	decode	7.99093	0.973631	68.3069	15.419	95.875	15.419	97
225	decode	7.9909	0.952261	66.8058	15.419	95.625	15.419	97
226	decode	7.99087	0.978085	68.6155	15.419	95.2222	15.419	97
227	decode	7.99084	0.954593	66.9656	15.419	95	15.419	97
228	decode	7.99081	0.973033	68.2572	15.419	95.375	15.419	97
229	decode	7.99077	0.951414	66.7389	15.419	95.375	15.419	97
230	decode	7.99074	0.978451	68.6334	15.419	95.375	15.419	97
231	decode	7.99071	0.950229	66.652	15.419	95.25	15.419	97
232	decode	7.99068	0.973534	68.2847	15.419	95.5556	15.419	97
233	decode	7.99065	0.945453	66.3133	15.4684	95	15.814	97
234	decode	7.99062	0.97391	68.3072	15.419	93	15.419	97
235	decode	7.99058	0.947471	66.451	15.419	95.8	15.419	97
236	decode	7.99055	0.968916	67.9531	15.419	95.75	15.419	97
237	decode	7.99052	0.942755	66.1166	15.419	95.2222	15.419	97
238	decode	7.99049	0.966183	67.7577	15.419	94.5	15.419	97
239	decode	7.99046	0.944766	66.2538	15.419	95.8889	15.419	97
240	decode	7.99042	0.964883	67.6627	15.419	95.7778	15.419	97
241	decode	7.99039	0.943433	66.1566	15.419	95.5	15.419	97
242	decode	7.99036	0.965193	67.6806	15.419	95.5714	15.419	97
243	decode	7.99033	0.939954	65.909	15.5177	95.625	15.814	97
244	decode	7.9903	0.966725	67.7842	15.4684	95.75	15.814	97
245	decode	7.99027	0.940693	65.9571	15.5507	95.3333	15.814	97
246	decode	7.99023	0.96838	67.8965	15.419	95	15.419	97
247	decode	7.9902	0.938079	65.7701	15.419	95.2222	15.419	97
248	decode	7.99017	0.965458	67.6878	15.419	95.25	15.419	97
249	decode	7.99014	0.933522	65.4469	15.5507	95.5556	15.814	97
250	decode	7.99011	0.957372	67.1171	15.4629	95.8889	15.814	97
251	decode	7.99007	0.9384	65.7852	15.5177	95.125	15.814	97
252	decode	7.99004	0.960418	67.3269	15.6823	95	15.814	97
253	decode	7.99001	0.936635	65.6578	15.7745	94.8	15.814	97
254	decode	7.98998	0.962936	67.4996	15.4684	94.875	15.814	97
255	decode	7.98995	0.932625	65.373	15.5177	95.375	15.814	97
