0	prefill	1586.37	104.697	13526.8	195.431	31.5385	360.313	60
1	decode	31.4982	6.21197	684.903	360.313	60	360.313	60
2	decode	31.4899	6.24421	688.432	278.949	60	360.313	60
3	decode	31.4817	6.22158	685.911	156.902	60	156.902	60
4	decode	31.4735	6.20954	684.557	148.36	70.4	156.902	86
5	decode	31.4653	6.22146	685.845	135.548	86	135.548	86
6	decode	31.4571	6.24377	688.278	135.548	86	135.548	86
7	decode	31.449	6.19999	683.426	143.849	86	143.849	86
8	decode	31.4408	6.2303	686.742	143.849	86	143.849	86
9	decode	31.4326	6.22239	685.844	153.857	59	153.857	59
10	decode	31.4244	6.23987	687.744	153.857	59	153.857	59
11	decode	31.4163	6.21371	684.835	147.218	59	147.218	59
12	decode	31.4081	6.2087	684.257	147.218	59	147.218	59
13	decode	31.3999	6.22549	686.081	144.04	59.8	147.218	60
14	decode	31.3918	6.24808	688.545	143.246	60	143.246	60
15	decode	31.3836	6.20325	683.578	141.976	60	143.246	60
16	decode	31.3755	6.22233	685.655	141.129	60	141.129	60
17	decode	31.3673	6.21323	684.627	140.779	60	141.129	60
18	decode	31.3592	6.23229	686.7	140.255	60	140.255	60
19	decode	31.3511	6.23042	686.469	140.854	60	142.651	60
20	decode	31.343	6.09975	672.046	142.651	60	142.651	60
21	decode	31.3348	6.19174	682.155	142.891	60	143.849	60
22	decode	31.3267	6.25287	688.864	143.849	60	143.849	60
23	decode	31.3186	6.21972	685.185	145.828	60	153.745	60
24	decode	31.3105	6.22983	686.273	153.745	60	153.745	60
25	decode	31.3024	6.22882	686.136	153.745	60	153.745	60
26	decode	31.2943	6.21655	684.758	147.497	60	147.497	60
27	decode	31.2862	6.21037	684.052	147.497	60	147.497	60
28	decode	31.2781	6.24836	688.21	145.917	60	147.497	60
29	decode	31.2701	6.24448	687.757	145.522	60	145.522	60
30	decode	31.262	6.23487	686.673	143.613	60.75	145.522	61
31	decode	31.2539	6.22943	686.047	142.976	61	142.976	61
32	decode	31.2458	6.2655	689.994	144.413	61	145.371	61
33	decode	31.2378	6.21896	684.842	145.371	61	145.371	61
34	decode	31.2297	6.23149	686.196	146.282	61	147.649	61
35	decode	31.2217	6.25244	688.477	147.649	61	147.649	61
36	decode	31.2136	6.23795	686.855	147.768	61	148.245	61
37	decode	31.2056	6.23669	686.691	148.245	61	148.245	61
38	decode	31.1975	6.24935	688.058	148.245	61	148.245	61
39	decode	31.1895	6.23325	686.26	148.092	62	148.092	62
40	decode	31.1815	6.25732	688.883	148.092	62	148.092	62
41	decode	31.1735	6.24691	687.712	148.092	62	148.092	62
42	decode	31.1654	6.22164	684.904	148.092	62	148.092	62
43	decode	31.1574	6.28086	691.397	147.889	62	148.092	62
44	decode	31.1494	6.26471	689.593	147.821	62	147.821	62
45	decode	31.1414	6.23709	686.527	146.708	62	147.821	62
46	decode	31.1334	6.25011	687.934	145.966	62	145.966	62
47	decode	31.1254	6.23672	686.434	147.425	62	149.614	62
48	decode	31.1174	6.25622	688.554	149.614	62	149.614	62
49	decode	31.1094	6.25398	688.281	150.526	62	153.262	62
50	decode	31.1015	6.26227	689.168	153.262	62	153.262	62
51	decode	31.0935	6.23338	685.962	154.622	62	158.702	62
52	decode	31.0855	6.14832	676.576	158.702	63	158.702	63
53	decode	31.0775	6.20509	682.797	157.101	63	158.702	63
54	decode	31.0696	6.24768	687.458	150.697	63	150.697	63
55	decode	31.0616	6.23827	686.397	150.697	63	150.697	63
56	decode	31.0537	6.26232	689.017	149.939	63	149.939	63
57	decode	31.0457	6.2391	686.436	149.939	63	149.939	63
58	decode	31.0378	6.15713	677.392	148.981	63	149.939	63
59	decode	31.0298	6.20803	682.966	148.741	63	148.741	63
60	decode	31.0219	6.22432	684.733	147.153	63	148.741	63
61	decode	31.014	6.2278	685.089	146.623	63	146.623	63
62	decode	31.006	6.27257	689.988	150.963	63	153.857	63
63	decode	30.9981	6.23145	685.439	153.857	63	153.857	63
64	decode	30.9902	6.25554	688.063	154.336	63	155.055	63
65	decode	30.9823	6.24623	687.012	155.055	63	155.055	63
66	decode	30.9744	6.23968	686.265	154.793	63	155.055	63
67	decode	30.9665	6.23261	685.462	153.745	63	153.745	63
68	decode	30.9586	6.25823	688.254	153.745	63	153.745	63
69	decode	30.9507	6.20265	682.115	153.857	64	153.857	64
70	decode	30.9428	6.25037	687.337	153.857	64	153.857	64
71	decode	30.9349	6.26772	689.219	149.939	64	149.939	64
72	decode	30.9271	6.26179	688.542	149.939	64	149.939	64
73	decode	30.9192	6.26431	688.792	149.364	64	149.939	64
74	decode	30.9113	6.24245	686.363	149.173	64	149.173	64
75	decode	30.9034	6.24341	686.443	153.79	64	154.944	64
76	decode	30.8956	6.2763	690.032	154.944	64	154.944	64
77	decode	30.8877	6.25333	687.481	156.578	64.4	157.667	65
78	decode	30.8799	6.29371	691.894	157.667	65	157.667	65
79	decode	30.872	6.24864	686.913	160.625	65	165.062	65
80	decode	30.8642	6.22938	684.77	165.062	65	165.062	65
81	decode	30.8563	6.28664	691.038	163.362	65	165.062	65
82	decode	30.8485	6.25937	688.014	158.263	65	158.263	65
83	decode	30.8407	6.27327	689.516	157.447	65	158.263	65
84	decode	30.8329	6.29519	691.9	154.181	65	154.181	65
85	decode	30.825	6.21266	682.803	154.181	65	154.181	65
86	decode	30.8172	6.28323	690.533	154.016	65	154.016	65
87	decode	30.8094	6.26094	688.057	154.016	65	154.016	65
88	decode	30.8016	6.25986	687.912	158.156	65	159.191	65
89	decode	30.7938	6.27319	689.352	159.191	65	159.191	65
90	decode	30.786	6.24529	686.26	161.443	65.6	162.945	66
91	decode	30.7782	6.26968	688.914	162.945	66	162.945	66
92	decode	30.7704	6.27338	689.294	164.34	66	166.432	66
93	decode	30.7627	6.25019	686.72	166.432	66	166.432	66
94	decode	30.7549	6.27053	688.929	165.409	66	166.432	66
95	decode	30.7471	6.2507	686.724	162.342	66	162.342	66
96	decode	30.7393	6.2618	687.918	161.614	66	162.342	66
97	decode	30.7316	6.28654	690.61	158.702	66	158.702	66
98	decode	30.7238	6.19588	680.625	158.702	66	158.702	66
99	decode	30.7161	6.24001	685.446	153.857	66	153.857	66
100	decode	30.7083	6.28684	690.564	153.857	66	153.857	66
101	decode	30.7006	6.26538	688.181	156.577	66	156.577	66
102	decode	30.6928	6.28895	690.743	156.577	66	156.577	66
103	decode	30.6851	6.28268	690.029	158.061	66.6	158.432	67
104	decode	30.6773	6.25877	687.377	158.432	67	158.432	67
105	decode	30.6696	6.262	687.705	162.263	67	163.54	67
106	decode	30.6619	6.29045	690.804	163.54	67	163.54	67
107	decode	30.6542	6.30007	691.835	164.301	67	165.062	67
108	decode	30.6464	6.26604	688.071	165.062	67	165.062	67
109	decode	30.6387	6.25966	687.345	162.822	67	165.062	67
110	decode	30.631	6.28086	689.646	159.462	67	159.462	67
111	decode	30.6233	6.24928	686.153	159.189	67.2	159.462	68
112	decode	30.6156	6.27132	688.548	158.099	68	158.099	68
113	decode	30.6079	6.26431	687.751	158.099	68	158.099	68
114	decode	30.6003	6.27223	688.595	156.577	68	156.577	68
115	decode	30.5926	6.29475	691.042	156.577	68	156.577	68
116	decode	30.5849	6.2882	690.297	162.066	67.2	163.438	68
117	decode	30.5772	6.22623	683.468	163.438	67	163.438	67
118	decode	30.5695	6.26539	687.74	166.826	67	167.956	67
119	decode	30.5619	6.27508	688.778	167.956	67	167.956	67
120	decode	30.5542	6.25339	686.372	167.333	67.6	167.956	68
121	decode	30.5466	6.25173	686.164	166.917	68	166.917	68
122	decode	30.5389	6.26146	687.205	165.937	68	166.917	68
123	decode	30.5313	6.25572	686.549	164.467	68	164.467	68
124	decode	30.5236	6.27377	688.504	164.501	68.2	164.638	69
125	decode	30.516	6.20858	681.324	164.638	69	164.638	69
126	decode	30.5083	6.24432	685.22	164.638	69	164.638	69
127	decode	30.5007	6.26039	686.958	160.715	69	160.715	69
128	decode	30.4931	6.25135	685.94	161.401	69	164.143	69
129	decode	30.4854	6.25015	685.782	164.143	68	164.143	68
130	decode	30.4778	6.26885	687.808	164.143	68	164.143	68
131	decode	30.4702	6.26659	687.534	171.337	68	171.337	68
132	decode	30.4626	6.25742	686.502	171.337	68	171.337	68
133	decode	30.455	6.24502	685.116	181.01	68.8	183.428	69
134	decode	30.4474	6.25602	686.297	183.428	69	183.428	69
135	decode	30.4398	6.2592	686.62	173.788	69	183.428	69
136	decode	30.4322	6.27991	688.866	167.361	69	167.361	69
137	decode	30.4246	6.2542	686.019	168.198	69.5	169.035	70
138	decode	30.417	6.05483	664.126	169.035	70	169.035	70
139	decode	30.4095	6.25526	686.084	166.491	70	169.035	70
140	decode	30.4019	6.25461	685.987	162.674	70	162.674	70
141	decode	30.3943	6.24178	684.554	162.303	69.8	162.674	70
142	decode	30.3868	6.2663	687.217	160.82	69	160.82	69
143	decode	30.3792	6.23802	684.09	160.82	69	160.82	69
144	decode	30.3716	6.25822	686.28	167.783	69	167.783	69
145	decode	30.3641	6.26657	687.169	167.783	69	167.783	69
146	decode	30.3565	6.26262	686.71	172.805	69.8	174.06	70
147	decode	30.349	6.24145	684.363	174.06	70	174.06	70
148	decode	30.3415	6.2498	685.252	176.168	70	176.871	70
149	decode	30.3339	6.25452	685.744	176.871	70	176.871	70
150	decode	30.3264	6.27538	688.005	172.169	70	176.871	70
151	decode	30.3189	6.28384	688.907	169.035	70	169.035	70
152	decode	30.3113	6.26619	686.946	169.753	70	170.232	70
153	decode	30.3038	6.2735	687.722	170.232	70	170.232	70
154	decode	30.2963	6.2676	687.048	169.753	70	170.232	70
155	decode	30.2888	6.27939	688.315	169.035	70	169.035	70
156	decode	30.2813	6.27135	687.408	169.715	70	171.755	70
157	decode	30.2738	6.24969	685.008	171.755	70	171.755	70
158	decode	30.2663	6.26604	686.774	172.724	70.2	176.6	71
159	decode	30.2588	6.28601	688.937	176.6	71	176.6	71
160	decode	30.2513	6.27035	687.194	176.6	71	176.6	71
161	decode	30.2438	6.26279	686.34	187.08	71	187.08	71
162	decode	30.2363	6.2548	685.439	187.08	71	187.08	71
163	decode	30.2289	6.28437	688.654	174.226	71	187.08	71
164	decode	30.2214	6.27365	687.453	171.012	71	171.012	71
165	decode	30.2139	6.14062	672.85	167.907	71	171.012	71
166	decode	30.2065	6.26147	686.066	165.837	71	165.837	71
167	decode	30.199	6.27266	687.267	167.524	71.5	169.21	72
168	decode	30.1916	6.26661	686.577	169.21	72	169.21	72
169	decode	30.1841	6.28199	688.237	169.21	72	169.21	72
170	decode	30.1767	6.29139	689.241	169.21	72	169.21	72
171	decode	30.1692	6.26715	686.56	169.045	72	169.21	72
172	decode	30.1618	6.29323	689.39	168.385	72	168.385	72
173	decode	30.1543	6.25491	685.167	168.385	72	168.385	72
174	decode	30.1469	6.27249	687.067	179.916	72	179.916	72
175	decode	30.1395	6.28872	688.819	179.916	72	179.916	72
176	decode	30.1321	6.27185	686.945	172.953	72	172.953	72
177	decode	30.1247	6.27376	687.128	172.953	72	172.953	72
178	decode	30.1172	6.18565	677.452	175.275	72	175.855	72
179	decode	30.1098	6.25314	684.818	175.855	72	175.855	72
180	decode	30.1024	6.27533	687.222	176.998	72.75	177.379	73
181	decode	30.095	6.23532	682.815	177.379	73	177.379	73
182	decode	30.0876	6.25243	684.663	176.355	73	177.379	73
183	decode	30.0802	6.25879	685.334	175.673	73	175.673	73
184	decode	30.0729	6.27689	687.29	175.194	72.6	175.673	73
185	decode	30.0655	6.27505	687.062	174.475	72	174.475	72
186	decode	30.0581	6.25659	685.015	174.52	72	174.656	72
187	decode	30.0507	6.231	682.188	174.656	72	174.656	72
188	decode	30.0434	6.28624	688.209	176.862	72.2	185.688	73
189	decode	30.036	6.24272	683.419	185.688	73	185.688	73
190	decode	30.0286	6.27844	687.304	185.688	73	185.688	73
191	decode	30.0213	6.26358	685.651	189.931	73	189.931	73
192	decode	30.0139	6.27371	686.734	189.931	73	189.931	73
193	decode	30.0066	6.27889	687.275	182.877	73.8	189.931	74
194	decode	29.9992	6.2767	687.01	181.113	74	181.113	74
195	decode	29.9919	6.26512	685.716	176.935	74	181.113	74
196	decode	29.9845	6.29177	688.608	174.15	74	174.15	74
197	decode	29.9772	6.2695	686.145	174.452	74	174.753	74
198	decode	29.9699	6.28192	687.477	174.753	74	174.753	74
199	decode	29.9626	6.29239	688.597	173.855	74	174.753	74
200	decode	29.9552	6.30305	689.738	171.16	74	171.16	74
201	decode	29.9479	6.29019	688.305	175.274	74	181.446	74
202	decode	29.9406	6.28022	687.188	181.446	74	181.446	74
203	decode	29.9333	6.29538	688.822	182.943	74	188.929	74
204	decode	29.926	6.28188	687.318	188.929	74	188.929	74
205	decode	29.9187	6.24262	682.997	188.929	74	188.929	74
206	decode	29.9114	6.24682	683.43	185.548	74.8	185.548	75
207	decode	29.9041	6.26079	684.934	185.548	75	185.548	75
208	decode	29.8968	6.28878	687.97	180.306	75	185.548	75
209	decode	29.8895	6.28797	687.855	178.996	75	178.996	75
210	decode	29.8823	6.2875	687.778	180.725	74.25	181.301	75
211	decode	29.875	6.2884	687.851	181.301	74	181.301	74
212	decode	29.8677	6.28077	686.99	180.224	74	181.301	74
213	decode	29.8604	6.26456	685.19	179.506	74	179.506	74
214	decode	29.8532	6.29447	688.436	181.205	74.4	183.753	75
215	decode	29.8459	6.23221	681.601	183.753	75	183.753	75
216	decode	29.8387	6.28994	687.889	184.363	75	186.801	75
217	decode	29.8314	6.26794	685.457	186.801	75	186.801	75
218	decode	29.8242	6.05467	662.11	186.801	75	186.801	75
219	decode	29.8169	6.07454	664.257	198.297	75	198.297	75
220	decode	29.8097	6.24936	683.349	198.297	75	198.297	75
221	decode	29.8025	6.20094	678.028	180.705	75	180.705	75
222	decode	29.7952	6.17521	675.189	180.705	75	180.705	75
223	decode	29.788	6.09499	666.394	181.924	74.2	182.229	75
224	decode	29.7808	6.24823	683.122	182.229	74	182.229	74
225	decode	29.7736	6.23241	681.366	177.657	74	177.657	74
226	decode	29.7663	6.25787	684.125	177.657	74	177.657	74
227	decode	29.7591	6.22633	680.651	177.175	74	177.657	74
228	decode	29.7519	6.22736	680.738	177.054	74	177.054	74
229	decode	29.7447	6.22283	680.217	179.44	74	181.03	74
230	decode	29.7375	6.20323	678.049	181.03	74	181.03	74
231	decode	29.7303	6.20658	678.389	183.753	74.5	186.476	75
232	decode	29.7231	6.24024	682.043	186.476	75	186.476	75
233	decode	29.716	6.24025	682.019	186.718	75	187.08	75
234	decode	29.7088	6.23447	681.361	187.08	75	187.08	75
235	decode	29.7016	6.22205	679.978	190.238	75.2	202.869	76
236	decode	29.6944	6.26507	684.654	202.869	76	202.869	76
237	decode	29.6873	6.23261	681.081	202.869	76	202.869	76
238	decode	29.6801	6.25144	683.113	185.548	76	185.548	76
239	decode	29.6729	6.23499	681.29	185.548	76	185.548	76
240	decode	29.6658	6.17664	674.889	181.113	76	181.113	76
241	decode	29.6586	6.22569	680.223	181.113	76	181.113	76
242	decode	29.6515	6.26028	683.977	182.115	76	182.365	76
243	decode	29.6443	6.23566	681.261	182.365	76	182.365	76
244	decode	29.6372	6.24257	681.99	181.452	76	182.365	76
245	decode	29.63	6.21595	679.056	180.843	76	180.843	76
246	decode	29.6229	6.25547	683.347	180.546	76	180.843	76
247	decode	29.6158	6.19347	676.549	180.248	76	180.248	76
248	decode	29.6086	6.25238	682.959	187.69	76	192.651	76
249	decode	29.6015	6.24465	682.09	192.651	76	192.651	76
250	decode	29.5944	6.2474	682.364	191.909	76	192.651	76
251	decode	29.5873	6.2386	681.377	190.797	76	190.797	76
252	decode	29.5802	6.24526	682.079	191.029	76.25	191.724	77
253	decode	29.5731	6.22468	679.806	191.724	77	191.724	77
254	decode	29.566	6.22065	679.34	190.37	77	191.724	77
255	decode	29.5589	6.22805	680.123	184.952	77	184.952	77
