0	prefill	201.403	34.6223	4473.2	107.382	52	107.382	52
1	decode	4	0.722302	79.6377	107.382	52	107.382	52
2	decode	4	0.724961	79.9278	171.221	52	171.221	52
3	decode	4	0.724959	79.9245	171.221	52	171.221	52
4	decode	4	0.722263	79.6243	121.384	53	121.384	53
5	decode	4	0.718752	79.2343	121.384	53	121.384	53
6	decode	4	0.722788	79.6761	125.013	53	125.013	53
7	decode	4	0.720858	79.4604	125.013	53	125.013	53
8	decode	4	0.723279	79.7242	125.013	47	125.013	47
9	decode	4	0.723221	79.7148	125.013	47	125.013	47
10	decode	4	0.725835	79.9998	121.581	47	121.581	47
11	decode	4	0.725809	79.994	121.581	47	121.581	47
12	decode	4	0.722103	79.5826	121.384	48	121.384	48
13	decode	4	0.723907	79.7783	121.793	48	123.427	48
14	decode	4	0.726464	80.0571	123.427	48	123.427	48
15	decode	4	0.719974	79.3389	123.427	48	123.427	48
16	decode	4	0.723006	79.67	123.88	48	123.88	48
17	decode	4	0.725277	79.9172	123.88	48	123.88	48
18	decode	4	0.722299	79.586	121.961	48	121.961	48
19	decode	4	0.724852	79.8642	121.961	48	121.961	48
20	decode	4	0.709268	78.1442	123.752	48	123.752	48
21	decode	4	0.721533	79.4926	123.752	48	123.752	48
22	decode	4	0.719969	79.3173	124.022	48	124.022	48
23	decode	4	0.722586	79.6025	124.022	48	124.022	48
24	decode	4	0.723824	79.7359	125.875	47	125.875	47
25	decode	4	0.724819	79.8425	125.875	47	125.875	47
26	decode	4	0.72659	80.0345	124.15	47	124.15	47
27	decode	4	0.724915	79.847	124.15	47	124.15	47
28	decode	4	0.723238	79.6593	121.762	48	121.762	48
29	decode	4	0.711951	78.4131	121.762	48	121.762	48
30	decode	4	0.724097	79.7478	124.807	48	124.807	48
31	decode	4	0.727048	80.0698	124.807	48	124.807	48
32	decode	4	0.728985	80.2801	122.087	48	122.087	48
33	decode	4	0.723857	79.7124	121.812	48	122.087	48
34	decode	4	0.727654	80.1274	120.71	48	120.71	48
35	decode	4	0.726915	80.043	121.104	48	122.682	48
36	decode	4	0.724982	79.8272	122.682	48	122.682	48
37	decode	4	0.723058	79.6122	122.498	48	122.682	48
38	decode	4	0.726523	79.9908	121.762	48	121.762	48
39	decode	4	0.721722	79.4592	122.425	48	125.078	48
40	decode	4	0.725843	79.9099	125.078	48	125.078	48
41	decode	4	0.727217	80.0581	124.959	48	125.078	48
42	decode	4	0.727692	80.1073	124.483	48	124.483	48
43	decode	4	0.72216	79.4954	124.097	48	124.483	48
44	decode	4	0.723133	79.5994	122.555	48	122.555	48
45	decode	4	0.719732	79.222	123.273	48	126.145	48
46	decode	4	0.715255	78.7263	126.145	48	126.145	48
47	decode	4	0.721598	79.4214	126.091	48	126.145	48
48	decode	4	0.725109	79.8048	125.875	48	125.875	48
49	decode	4	0.726904	79.9993	125.571	48	125.875	48
50	decode	4	0.724711	79.755	124.354	48	124.354	48
51	decode	4	0.722577	79.5171	124.259	48	124.354	48
52	decode	4	0.722877	79.5472	123.88	48	123.88	48
53	decode	4	0.723389	79.6005	124.12	48	125.078	48
54	decode	4	0.721729	79.4148	125.078	48	125.078	48
55	decode	4	0.723415	79.5973	124.573	48	125.078	48
56	decode	4	0.725757	79.852	122.555	48	122.555	48
57	decode	4	0.723129	79.5598	123.694	48	125.402	48
58	decode	4	0.723221	79.5669	125.402	48	125.402	48
59	decode	4	0.723143	79.5553	124.263	48	125.402	48
60	decode	4	0.725035	79.7605	122.555	48	122.555	48
61	decode	4	0.717993	78.9828	123.456	48	124.807	48
62	decode	4	0.723164	79.5486	124.807	48	124.807	48
63	decode	4	0.72392	79.6288	125.045	48	125.402	48
64	decode	4	0.725875	79.8408	125.402	48	125.402	48
65	decode	4	0.725383	79.7836	124.555	48	125.402	48
66	decode	4	0.723124	79.5322	123.285	48	123.285	48
67	decode	4	0.729128	80.1895	122.806	48	123.285	48
68	decode	4	0.72772	80.0316	122.087	48	122.087	48
69	decode	4	0.727165	79.9675	122.912	48	124.15	48
70	decode	4	0.723815	79.5961	124.15	48	124.15	48
71	decode	4	0.727805	80.0319	124.15	48	124.15	48
72	decode	4	0.731112	80.3924	124.15	48	124.15	48
73	decode	4	0.730478	80.3198	123.851	48	124.15	48
74	decode	4	0.726792	79.9114	122.952	48	122.952	48
75	decode	4	0.726483	79.8744	123.921	48	127.798	48
76	decode	4	0.725383	79.7504	127.798	48	127.798	48
77	decode	4	0.726049	79.8207	127.014	48	127.798	48
78	decode	4	0.7264	79.8563	123.88	48	123.88	48
79	decode	4	0.726791	79.8962	123.642	48	123.88	48
80	decode	4	0.72753	79.9744	123.285	48	123.285	48
81	decode	4	0.726633	79.8728	124.741	48	126.925	48
82	decode	4	0.723097	79.4811	126.925	48	126.925	48
83	decode	4	0.725578	79.7507	125.047	48	126.925	48
84	decode	4	0.718059	78.9213	122.231	48	122.231	48
85	decode	4	0.724681	79.6461	122.839	48	123.752	48
86	decode	4	0.72761	79.965	123.752	48	123.752	48
87	decode	4	0.72687	79.8807	124.762	48	126.276	48
88	decode	4	0.727749	79.9743	126.276	48	126.276	48
89	decode	4	0.723458	79.4997	125.028	48	126.276	48
90	decode	4	0.728663	80.0686	123.157	48	123.157	48
91	decode	4	0.727951	79.9874	123.024	48.4	123.157	49
92	decode	4	0.727251	79.9074	122.825	49	122.825	49
93	decode	4	0.725281	79.688	124.283	49	126.469	49
94	decode	4	0.723005	79.435	126.469	49	126.469	49
95	decode	4	0.727862	79.9655	124.903	48.6	126.469	49
96	decode	4	0.726654	79.8298	122.555	48	122.555	48
97	decode	4	0.72777	79.9493	123.883	48	125.875	48
98	decode	4	0.727633	79.9313	125.875	48	125.875	48
99	decode	4	0.725539	79.6982	124.896	48	125.875	48
100	decode	4	0.723569	79.4789	123.427	48	123.427	48
101	decode	4	0.726094	79.7532	124.937	48	127.203	48
102	decode	4	0.727811	79.9387	127.203	48	127.203	48
103	decode	4	0.727852	79.9402	124.775	48.4	127.203	49
104	decode	4	0.725034	79.6277	123.157	49	123.157	49
105	decode	4	0.724629	79.5803	124.589	49	125.543	49
106	decode	4	0.725846	79.7109	125.543	49	125.543	49
107	decode	4	0.724212	79.5285	123.75	48.4	125.543	49
108	decode	4	0.713481	78.3471	122.555	48	122.555	48
109	decode	4	0.726229	79.7439	124.348	48	125.543	48
110	decode	4	0.730353	80.1937	125.543	48	125.543	48
111	decode	4	0.728415	79.9779	125.101	48	125.543	48
112	decode	4	0.715141	78.5175	124.807	48	124.807	48
113	decode	4	0.72287	79.3631	124.613	48	124.807	48
114	decode	4	0.726859	79.798	124.483	48	124.483	48
115	decode	4	0.726833	79.7921	124.84	48	125.078	48
116	decode	4	0.72702	79.8096	125.078	48	125.078	48
117	decode	4	0.725797	79.6724	126.107	48	126.793	48
118	decode	4	0.729948	80.125	126.793	48	126.793	48
119	decode	4	0.725986	79.6872	127.952	48	128.725	48
120	decode	4	0.729339	80.0522	128.725	48	128.725	48
121	decode	4	0.720465	79.0752	125.623	48	128.725	48
122	decode	4	0.730398	80.1623	123.555	48	123.555	48
123	decode	4	0.727522	79.8437	126.458	48.6	128.393	49
124	decode	4	0.731057	80.2286	128.393	49	128.393	49
125	decode	4	0.728695	79.9664	125.97	49	128.393	49
126	decode	4	0.73204	80.3304	124.354	49	124.354	49
127	decode	4	0.730083	80.1126	126.536	49	127.99	49
128	decode	4	0.729425	80.0374	127.99	49	127.99	49
129	decode	4	0.730136	80.1124	126.359	49	127.99	49
130	decode	4	0.728607	79.9416	125.272	49	125.272	49
131	decode	4	0.729125	79.9954	126.788	49	127.798	49
132	decode	4	0.728797	79.9564	127.798	49	127.798	49
133	decode	4	0.723251	79.345	126.722	49	127.798	49
134	decode	4	0.729286	80.0041	126.005	49	126.005	49
135	decode	4	0.728932	79.9622	123.741	49	126.005	49
136	decode	4	0.730591	80.1412	122.231	49	122.231	49
137	decode	4	0.72825	79.8814	123.306	49	124.022	49
138	decode	4	0.726144	79.6473	124.022	49	124.022	49
139	decode	4	0.727278	79.7687	124.022	49	124.022	49
140	decode	4	0.730871	80.1598	124.022	49	124.022	49
141	decode	4	0.726981	79.7301	126.483	49	128.123	49
142	decode	4	0.726939	79.7225	128.123	49	128.123	49
143	decode	4	0.729915	80.0458	127.404	49	128.123	49
144	decode	4	0.728946	79.9365	126.925	49	126.925	49
145	decode	4	0.730065	80.0563	128.12	49	128.916	49
146	decode	4	0.729426	79.9832	128.916	49	128.916	49
147	decode	4	0.728158	79.8411	129.132	49	129.186	49
148	decode	4	0.728497	79.8753	129.186	49	129.186	49
149	decode	4	0.726091	79.6085	125.32	49	129.186	49
150	decode	4	0.728403	79.8589	124.354	49	124.354	49
151	decode	4	0.729777	80.0066	125.892	49	126.276	49
152	decode	4	0.728139	79.824	126.276	49	126.276	49
153	decode	4	0.726958	79.6916	125.955	49	126.276	49
154	decode	4	0.728338	79.8397	125.875	49	125.875	49
155	decode	4	0.728148	79.816	125.393	49	125.875	49
156	decode	4	0.727979	79.7944	125.272	49	125.272	49
157	decode	4	0.724282	79.3862	127.662	49	128.26	49
158	decode	4	0.719987	78.9124	128.26	49	128.26	49
159	decode	4	0.728374	79.8287	124.972	49	128.26	49
160	decode	4	0.726696	79.6417	124.15	49	124.15	49
161	decode	4	0.730224	80.0254	125.089	49	125.402	49
162	decode	4	0.729413	79.9334	125.402	49	125.402	49
163	decode	4	0.729762	79.9687	124.851	49	125.402	49
164	decode	4	0.726911	79.6533	124.483	49	124.483	49
165	decode	4	0.727698	79.7365	125.753	49	126.6	49
166	decode	4	0.727447	79.706	126.6	49	126.6	49
167	decode	4	0.729407	79.9177	127.514	49	128.123	49
168	decode	4	0.726032	79.545	128.123	49	128.123	49
169	decode	4	0.730858	80.0707	127.015	49	128.123	49
170	decode	4	0.730104	79.9851	126.276	49	126.276	49
171	decode	4	0.724989	79.4217	123.617	49	126.276	49
172	decode	4	0.732598	80.2522	122.952	49	122.952	49
173	decode	4	0.725613	79.4841	122.85	49	122.952	49
174	decode	4	0.730557	80.0227	122.825	49	122.825	49
175	decode	4	0.730917	80.0591	125.103	49	125.673	49
176	decode	4	0.725529	79.4659	125.673	49	125.673	49
177	decode	4	0.729538	79.902	126.31	49	126.469	49
178	decode	4	0.730204	79.9719	126.469	49	126.469	49
179	decode	4	0.727014	79.6195	123.554	49	126.469	49
180	decode	4	0.728773	79.8092	122.825	49	122.825	49
181	decode	4	0.724058	79.2899	123.783	49	124.022	49
182	decode	4	0.728131	79.7329	124.022	49	124.022	49
183	decode	4	0.725087	79.3966	127.196	49	127.99	49
184	decode	4	0.72912	79.8352	127.99	49	127.99	49
185	decode	4	0.729699	79.8955	124.34	49	127.99	49
186	decode	4	0.725484	79.4311	123.427	49	123.427	49
187	decode	4	0.729494	79.8671	124.644	49	124.948	49
188	decode	4	0.712854	78.0423	124.948	49	124.948	49
189	decode	4	0.719526	78.7698	127.598	49	128.26	49
190	decode	4	0.730376	79.9546	128.26	49	128.26	49
191	decode	4	0.726388	79.515	124.178	49	128.26	49
192	decode	4	0.703102	76.9631	123.157	49	123.157	49
193	decode	4	0.732305	80.1567	122.825	49	122.825	49
194	decode	4	0.730309	79.9352	122.825	49	122.825	49
195	decode	4	0.713155	78.0547	126.005	49	126.005	49
196	decode	4	0.703476	76.9925	126.005	49	126.005	49
197	decode	4	0.719256	78.7165	124.15	49	124.15	49
198	decode	4	0.724358	79.2719	124.15	49	124.15	49
199	decode	4	0.726106	79.4602	128.123	49	128.123	49
200	decode	4	0.726925	79.5469	128.123	49	128.123	49
201	decode	4	0.726845	79.5351	127.203	49	127.203	49
202	decode	4	0.723935	79.2137	127.203	49	127.203	49
203	decode	4	0.726384	79.4786	130.248	48	130.248	48
204	decode	4	0.725482	79.377	130.248	48	130.248	48
205	decode	4	0.720379	78.8157	129.645	48	129.645	48
206	decode	4	0.726096	79.4382	129.645	48	129.645	48
207	decode	4	0.727703	79.611	129.32	49	129.32	49
208	decode	4	0.727685	79.606	129.32	49	129.32	49
209	decode	4	0.728355	79.6764	128.725	49	128.725	49
210	decode	4	0.725091	79.3164	128.725	49	128.725	49
211	decode	4	0.726959	79.5177	127.203	49	127.203	49
212	decode	4	0.726898	79.508	127.203	49	127.203	49
213	decode	4	0.725257	79.3255	126.925	49	126.925	49
214	decode	4	0.725979	79.4015	127.019	49	127.395	49
215	decode	4	0.717791	78.503	127.395	49	127.395	49
216	decode	4	0.725414	79.3337	127.476	49	127.798	49
217	decode	4	0.725651	79.3567	127.798	49	127.798	49
218	decode	4	0.727239	79.5273	127.863	49	128.123	49
219	decode	4	0.723037	79.0648	128.123	49	128.123	49
220	decode	4	0.727654	79.5668	127.86	49	128.123	49
221	decode	4	0.719432	78.6647	127.071	49	127.071	49
222	decode	4	0.728387	79.6409	127.309	49	127.666	49
223	decode	4	0.726762	79.4602	127.666	49	127.666	49
224	decode	4	0.728546	79.6523	129.253	49	131.634	49
225	decode	4	0.726695	79.4469	131.634	49	131.634	49
226	decode	4	0.730008	79.8062	130.988	49	131.634	49
227	decode	4	0.72635	79.4032	129.05	49	129.05	49
228	decode	4	0.72428	79.174	128.626	49	129.05	49
229	decode	4	0.725508	79.3052	127.99	49	127.99	49
230	decode	4	0.728875	79.6702	128.255	49.25	129.05	50
231	decode	4	0.727271	79.492	129.05	50	129.05	50
232	decode	4	0.719984	78.6926	129.849	50	131.446	50
233	decode	4	0.719444	78.6305	131.446	50	131.446	50
234	decode	4	0.726643	79.4144	130.967	50	131.446	50
235	decode	4	0.724572	79.185	130.248	50	130.248	50
236	decode	4	0.726957	79.4427	132.793	50	134.49	50
237	decode	4	0.727686	79.5194	134.49	50	134.49	50
238	decode	4	0.729657	79.7317	133.382	49.6	134.49	50
239	decode	4	0.723492	79.0551	132.643	49	132.643	49
240	decode	4	0.72697	79.4321	133.394	49	133.895	49
241	decode	4	0.726896	79.4211	133.895	49	133.895	49
242	decode	4	0.728495	79.5928	132.977	49.6	133.895	50
243	decode	4	0.726666	79.39	132.365	50	132.365	50
244	decode	4	0.729102	79.6532	130.9	50	132.365	50
245	decode	4	0.720271	78.6854	129.923	50	129.923	50
246	decode	4	0.724068	79.0973	130.475	50	130.843	50
247	decode	4	0.72441	79.1317	130.843	50	130.843	50
248	decode	4	0.727363	79.4512	132.313	50	133.293	50
249	decode	4	0.723265	79.0006	133.293	50	133.293	50
250	decode	4	0.728043	79.5196	133.293	50	133.293	50
251	decode	4	0.726722	79.3722	133.293	50	133.293	50
252	decode	4	0.724875	79.1675	133.293	50	133.293	50
253	decode	4	0.724558	79.13	133.293	50	133.293	50
254	decode	4	0.725031	79.1786	133.293	50	133.293	50
255	decode	4	0.727677	79.4646	133.293	50	133.293	50
