0	prefill	100.814	17.8099	2301.04	114.598	37.2	116.201	41
1	decode	2.00228	0.370333	40.8311	114.197	41	114.197	41
2	decode	2.00232	0.370027	40.7959	137.274	41	152.659	41
3	decode	2.00235	0.369881	40.7782	152.659	41	152.659	41
4	decode	2.00239	0.369686	40.7552	136.11	47.6	152.659	52
5	decode	2.00243	0.368971	40.6749	125.078	52	125.078	52
6	decode	2.00247	0.369066	40.6838	126.905	52	128.123	52
7	decode	2.00251	0.370833	40.8771	128.123	52	128.123	52
8	decode	2.00254	0.369161	40.6912	127.404	49.6	128.123	52
9	decode	2.00258	0.369823	40.7625	126.925	48	126.925	48
10	decode	2.00262	0.369661	40.7432	126.078	48	126.925	48
11	decode	2.00266	0.370707	40.857	124.807	48	124.807	48
12	decode	2.0027	0.369344	40.7052	123.456	48	124.807	48
13	decode	2.00273	0.36878	40.6415	121.43	48	121.43	48
14	decode	2.00277	0.36916	40.6818	124.259	48	126.145	48
15	decode	2.00281	0.36897	40.6593	126.145	48	126.145	48
16	decode	2.00285	0.371067	40.8888	125.07	48	126.145	48
17	decode	2.00289	0.369193	40.6809	124.354	48	124.354	48
18	decode	2.00292	0.369238	40.6842	124.221	48	124.354	48
19	decode	2.00296	0.370352	40.8054	124.022	48	124.022	48
20	decode	2.003	0.364757	40.1875	123.676	47.6	124.022	48
21	decode	2.00304	0.368617	40.6112	123.157	47	123.157	47
22	decode	2.00308	0.368765	40.6259	123.024	47	123.157	47
23	decode	2.00311	0.370048	40.7657	122.825	47	122.825	47
24	decode	2.00315	0.370477	40.8115	120.651	47	122.825	47
25	decode	2.00319	0.368935	40.6401	117.39	47	117.39	47
26	decode	2.00323	0.369521	40.7031	118.22	47	120.71	47
27	decode	2.00326	0.369892	40.7423	120.71	47	120.71	47
28	decode	2.0033	0.370107	40.7646	120.829	47.2	121.304	48
29	decode	2.00334	0.370029	40.7544	121.304	48	121.304	48
30	decode	2.00338	0.368868	40.625	121.848	48	124.022	48
31	decode	2.00342	0.370603	40.8145	124.022	48	124.022	48
32	decode	2.00345	0.369039	40.6407	124.048	48	124.15	48
33	decode	2.00349	0.370034	40.7488	124.15	48	124.15	48
34	decode	2.00353	0.369476	40.6858	124.15	48	124.15	48
35	decode	2.00357	0.368016	40.5235	126.145	48	126.145	48
36	decode	2.00361	0.371627	40.9195	126.145	48	126.145	48
37	decode	2.00364	0.367777	40.4941	122.682	48	122.682	48
38	decode	2.00368	0.36374	40.0481	122.682	48	122.682	48
39	decode	2.00372	0.368323	40.5511	124.807	48	124.807	48
40	decode	2.00376	0.369899	40.7231	124.926	48	125.402	48
41	decode	2.00379	0.370273	40.7627	125.402	48	125.402	48
42	decode	2.00383	0.371325	40.877	126.915	48	132.968	48
43	decode	2.00387	0.368325	40.5452	132.968	48	132.968	48
44	decode	2.00391	0.370147	40.7442	132.968	48	132.968	48
45	decode	2.00395	0.357494	39.35	135.418	47	135.418	47
46	decode	2.00398	0.368989	40.6137	135.418	47	135.418	47
47	decode	2.00402	0.369721	40.6927	133.563	47	133.563	47
48	decode	2.00406	0.370847	40.8151	133.563	47	133.563	47
49	decode	2.0041	0.37014	40.7358	130.843	47	130.843	47
50	decode	2.00414	0.371232	40.8544	130.843	47	130.843	47
51	decode	2.00417	0.36828	40.528	129.923	47	129.923	47
52	decode	2.00421	0.370488	40.7695	129.923	47	129.923	47
53	decode	2.00425	0.368953	40.5989	129.117	47.8	129.923	48
54	decode	2.00429	0.370455	40.7627	128.916	48	128.916	48
55	decode	2.00433	0.370042	40.7157	130.09	48	130.383	48
56	decode	2.00436	0.37037	40.7502	130.383	48	130.383	48
57	decode	2.0044	0.369474	40.6501	128.685	48	130.383	48
58	decode	2.00444	0.370128	40.7205	128.26	48	128.26	48
59	decode	2.00448	0.371536	40.8739	126.827	48	128.26	48
60	decode	2.00451	0.37109	40.8233	126.469	48	126.469	48
61	decode	2.00455	0.370335	40.7387	124.138	48	126.469	48
62	decode	2.00459	0.369881	40.6872	123.555	48	123.555	48
63	decode	2.00463	0.370179	40.7184	125.411	48	125.875	48
64	decode	2.00467	0.371032	40.8108	125.875	48	125.875	48
65	decode	2.0047	0.369163	40.6036	125.237	48	125.875	48
66	decode	2.00474	0.370029	40.6974	125.078	48	125.078	48
67	decode	2.00478	0.369788	40.6693	124.017	48	125.078	48
68	decode	2.00482	0.370625	40.7598	123.752	48	123.752	48
69	decode	2.00485	0.369509	40.6356	123.395	48	123.752	48
70	decode	2.00489	0.371386	40.8404	123.157	48	123.157	48
71	decode	2.00493	0.371445	40.8454	123.319	48	123.427	48
72	decode	2.00497	0.371505	40.8504	123.427	48	123.427	48
73	decode	2.00501	0.371232	40.8188	124.178	48	124.678	48
74	decode	2.00504	0.370441	40.7303	124.678	48	124.678	48
75	decode	2.00508	0.368249	40.4878	120.861	48	124.678	48
76	decode	2.00512	0.37254	40.9579	118.317	48	118.317	48
77	decode	2.00516	0.373155	41.0241	119.166	48	120.44	48
78	decode	2.0052	0.373004	41.006	120.44	48	120.44	48
79	decode	2.00523	0.373539	41.0632	122.135	48	124.678	48
80	decode	2.00527	0.372647	40.9636	124.678	48	124.678	48
81	decode	2.00531	0.371779	40.8666	124.359	48	124.678	48
82	decode	2.00535	0.373188	41.0199	123.88	48	123.88	48
83	decode	2.00538	0.372784	40.9739	124.296	48	125.543	48
84	decode	2.00542	0.372348	40.9245	125.543	48	125.543	48
85	decode	2.00546	0.371199	40.7966	126.337	48	127.527	48
86	decode	2.0055	0.369795	40.6408	127.527	48	127.527	48
87	decode	2.00554	0.370926	40.7636	127.156	48	127.527	48
88	decode	2.00557	0.370524	40.7178	126.6	48	126.6	48
89	decode	2.00561	0.373578	41.0519	131.082	48	137.806	48
90	decode	2.00565	0.373304	41.0203	137.806	48	137.806	48
91	decode	2.00569	0.371874	40.8615	136.745	48	137.806	48
92	decode	2.00572	0.373492	41.0378	133.563	48	133.563	48
93	decode	2.00576	0.37238	40.9141	132.356	48	133.563	48
94	decode	2.0058	0.372689	40.9465	127.527	48	127.527	48
95	decode	2.00584	0.372101	40.8803	128.257	48	131.175	48
96	decode	2.00588	0.373897	41.0761	131.175	48	131.175	48
97	decode	2.00591	0.372745	40.948	130.195	48	131.175	48
98	decode	2.00595	0.371935	40.8575	126.276	48	126.276	48
99	decode	2.00599	0.372192	40.8842	126.276	48	126.276	48
100	decode	2.00603	0.37216	40.8791	121.961	48	121.961	48
101	decode	2.00606	0.371728	40.8301	121.961	48	121.961	48
102	decode	2.0061	0.372122	40.8718	122.231	48	122.231	48
103	decode	2.00614	0.372001	40.857	122.231	48	122.231	48
104	decode	2.00618	0.366721	40.2756	122.087	48	122.087	48
105	decode	2.00622	0.372757	40.937	122.087	48	122.087	48
106	decode	2.00625	0.372484	40.9054	121.961	48	121.961	48
107	decode	2.00629	0.371174	40.76	121.961	48	121.961	48
108	decode	2.00633	0.371361	40.779	123.875	48	124.354	48
109	decode	2.00637	0.371558	40.7991	124.354	48	124.354	48
110	decode	2.00641	0.371459	40.7866	125.305	48	125.543	48
111	decode	2.00644	0.370697	40.7015	125.543	48	125.543	48
112	decode	2.00648	0.370737	40.7044	121.677	48	125.543	48
113	decode	2.00652	0.372652	40.9131	120.71	48	120.71	48
114	decode	2.00656	0.373085	40.959	120.904	48	121.034	48
115	decode	2.00659	0.371895	40.8269	121.034	48	121.034	48
116	decode	2.00663	0.373396	40.9901	122.732	48	123.157	48
117	decode	2.00667	0.371522	40.7829	123.157	48	123.157	48
118	decode	2.00671	0.372778	40.9192	124.849	48	125.272	48
119	decode	2.00674	0.37122	40.7467	125.272	48	125.272	48
120	decode	2.00678	0.366697	40.2486	125.593	48	125.673	48
121	decode	2.00682	0.373133	40.9535	125.673	48	125.673	48
122	decode	2.00686	0.3719	40.8166	126.706	48	127.395	48
123	decode	2.0069	0.372542	40.8856	127.395	48	127.395	48
124	decode	2.00693	0.372073	40.8325	127.994	48	128.393	48
125	decode	2.00697	0.371686	40.7886	128.393	48	128.393	48
126	decode	2.00701	0.37249	40.8752	126.96	48	128.393	48
127	decode	2.00705	0.372114	40.8324	126.005	48	126.005	48
128	decode	2.00708	0.373265	40.9571	126.901	48	127.798	48
129	decode	2.00712	0.372161	40.8344	127.798	48	127.798	48
130	decode	2.00716	0.373838	41.0169	130.954	48	135.688	48
131	decode	2.0072	0.373351	40.9619	135.688	48	135.688	48
132	decode	2.00724	0.372424	40.8587	134.6	48	135.688	48
133	decode	2.00727	0.372971	40.9171	132.968	48	132.968	48
134	decode	2.00731	0.367492	40.3146	131.138	48	132.968	48
135	decode	2.00735	0.371979	40.8053	128.393	48	128.393	48
136	decode	2.00739	0.371283	40.7273	128.393	48	128.393	48
137	decode	2.00742	0.372224	40.8291	128.393	48	128.393	48
138	decode	2.00746	0.371348	40.7314	126.299	48	128.393	48
139	decode	2.0075	0.37093	40.684	123.157	48	123.157	48
140	decode	2.00754	0.371624	40.7586	123.265	48	123.427	48
141	decode	2.00758	0.371519	40.7455	123.427	48	123.427	48
142	decode	2.00761	0.369253	40.4955	126.025	48	129.923	48
143	decode	2.00765	0.368933	40.4588	129.923	48	129.923	48
144	decode	2.00769	0.372746	40.8755	128.149	48	129.923	48
145	decode	2.00773	0.371823	40.7728	122.825	48	122.825	48
146	decode	2.00776	0.371523	40.7383	123.09	48	124.15	48
147	decode	2.0078	0.368187	40.3709	124.15	48	124.15	48
148	decode	2.00784	0.371351	40.7163	123.766	48	124.15	48
149	decode	2.00788	0.371627	40.7451	122.231	48	122.231	48
150	decode	2.00792	0.372627	40.8532	122.177	48	122.231	48
151	decode	2.00795	0.373325	40.9281	121.961	48	121.961	48
152	decode	2.00799	0.371697	40.7482	121.961	48	121.961	48
153	decode	2.00803	0.373088	40.8991	118.919	48	118.919	48
154	decode	2.00807	0.371922	40.7697	118.919	48	118.919	48
155	decode	2.0081	0.372825	40.8672	121.636	48	121.636	48
156	decode	2.00814	0.374146	41.0105	121.636	48	121.636	48
157	decode	2.00818	0.372444	40.8223	121.636	48	121.636	48
158	decode	2.00822	0.372839	40.8641	121.516	48	121.636	48
159	decode	2.00825	0.373698	40.9568	121.034	48	121.034	48
160	decode	2.00829	0.37193	40.7614	121.034	48	121.034	48
161	decode	2.00833	0.372572	40.8302	122.231	48	122.231	48
162	decode	2.00837	0.3721	40.777	122.231	48	122.231	48
163	decode	2.00841	0.367127	40.2305	126.276	48	126.276	48
164	decode	2.00844	0.372722	40.842	126.276	48	126.276	48
165	decode	2.00848	0.374202	41.0026	127.527	48	127.527	48
166	decode	2.00852	0.375253	41.1163	127.527	48	127.527	48
167	decode	2.00856	0.372912	40.8583	124.825	48	127.527	48
168	decode	2.00859	0.372788	40.8431	124.15	48	124.15	48
169	decode	2.00863	0.373336	40.9017	125.368	48	125.673	48
170	decode	2.00867	0.373436	40.911	125.673	48	125.673	48
171	decode	2.00871	0.373689	40.9372	126.897	48.8	127.203	49
172	decode	2.00874	0.373174	40.8792	127.203	49	127.203	49
173	decode	2.00878	0.373811	40.9475	135.607	49	138.408	49
174	decode	2.00882	0.373847	40.9499	138.408	49	138.408	49
175	decode	2.00886	0.371772	40.7211	135.863	49	138.408	49
176	decode	2.0089	0.373201	40.876	134.166	49	134.166	49
177	decode	2.00893	0.372955	40.8476	133.085	49	134.166	49
178	decode	2.00897	0.371842	40.7241	132.365	49	132.365	49
179	decode	2.00901	0.37387	40.9447	128.35	49	132.365	49
180	decode	2.00905	0.373048	40.8531	125.673	49	125.673	49
181	decode	2.00908	0.372483	40.7898	126.044	49	126.6	49
182	decode	2.00912	0.37307	40.8525	126.6	49	126.6	49
183	decode	2.00916	0.375142	41.0778	125.881	49	126.6	49
184	decode	2.0092	0.373352	40.8803	125.402	49	125.402	49
185	decode	2.00923	0.373373	40.8811	128.472	49	130.518	49
186	decode	2.00927	0.372123	40.7426	130.518	49	130.518	49
187	decode	2.00931	0.374091	40.9565	125.911	49	130.518	49
188	decode	2.00935	0.373205	40.858	121.304	49	121.304	49
189	decode	2.00939	0.373322	40.8693	123.132	49	125.875	49
190	decode	2.00942	0.372804	40.811	125.875	49	125.875	49
191	decode	2.00946	0.374553	41.0009	124.468	49	125.875	49
192	decode	2.0095	0.357221	39.1022	122.357	49	122.357	49
193	decode	2.00954	0.368027	40.2836	121.698	49	122.357	49
194	decode	2.00957	0.370315	40.5324	120.71	49	120.71	49
195	decode	2.00961	0.372999	40.8247	120.948	48.6	121.304	49
196	decode	2.00965	0.373303	40.8564	121.304	48	121.304	48
197	decode	2.00969	0.371812	40.6918	121.156	48	121.304	48
198	decode	2.00972	0.371184	40.6214	120.71	48	120.71	48
199	decode	2.00976	0.370032	40.4939	121.953	48	126.925	48
200	decode	2.0098	0.368536	40.3286	126.925	48	126.925	48
201	decode	2.00984	0.363174	39.7404	126.051	48	126.925	48
202	decode	2.00987	0.37106	40.6018	122.555	48	122.555	48
203	decode	2.00991	0.369936	40.4772	123.06	48	125.078	48
204	decode	2.00995	0.37032	40.5177	125.078	48	125.078	48
205	decode	2.00999	0.369795	40.4588	123.701	48	125.078	48
206	decode	2.01003	0.371819	40.6787	121.636	48	121.636	48
207	decode	2.01006	0.373057	40.8126	122.578	48	125.402	48
208	decode	2.0101	0.371376	40.6271	125.402	48	125.402	48
209	decode	2.01014	0.37112	40.5976	126.132	48	129.05	48
210	decode	2.01018	0.372213	40.7156	129.05	48	129.05	48
211	decode	2.01021	0.37323	40.8253	129.05	48.2	129.05	49
212	decode	2.01025	0.369357	40.4002	129.05	49	129.05	49
213	decode	2.01029	0.371847	40.671	128.919	49	129.05	49
214	decode	2.01033	0.370783	40.5532	128.393	49	128.393	49
215	decode	2.01036	0.372562	40.7462	128.099	48.8	128.393	49
216	decode	2.0104	0.37104	40.5782	126.925	48	126.925	48
217	decode	2.01044	0.372267	40.7108	126.925	48	126.925	48
218	decode	2.01048	0.370901	40.5599	128.393	48	128.393	48
219	decode	2.01051	0.369723	40.4296	128.393	48	128.393	48
220	decode	2.01055	0.369184	40.3692	126.276	49	126.276	49
221	decode	2.01059	0.369704	40.4244	126.276	49	126.276	49
222	decode	2.01063	0.35178	38.4632	124.15	49	124.15	49
223	decode	2.01066	0.364692	39.8735	124.15	49	124.15	49
224	decode	2.0107	0.370325	40.4878	127.527	48	127.527	48
225	decode	2.01074	0.370415	40.4961	127.527	48	127.527	48
226	decode	2.01078	0.368984	40.3381	127.203	48	127.203	48
227	decode	2.01082	0.369818	40.4278	127.904	48	130.707	48
228	decode	2.01085	0.371259	40.5838	130.707	48	130.707	48
229	decode	2.01089	0.370903	40.5433	132.737	48	140.858	48
230	decode	2.01093	0.372632	40.7308	140.858	48	140.858	48
231	decode	2.01097	0.372358	40.6994	140.858	48	140.858	48
232	decode	2.011	0.371134	40.564	134.761	49	134.761	49
233	decode	2.01104	0.372751	40.7393	134.761	49	134.761	49
234	decode	2.01108	0.37127	40.5759	132.643	49	132.643	49
235	decode	2.01112	0.371288	40.5763	132.643	49	132.643	49
236	decode	2.01115	0.371619	40.6109	129.32	49	129.32	49
237	decode	2.01119	0.370982	40.5399	129.32	49	129.32	49
238	decode	2.01123	0.371653	40.6116	130.707	49	130.707	49
239	decode	2.01127	0.368626	40.2793	130.707	49	130.707	49
240	decode	2.0113	0.37059	40.4924	131.665	49	131.904	49
241	decode	2.01134	0.370754	40.5088	131.904	49	131.904	49
242	decode	2.01138	0.370655	40.4965	129.621	49	131.904	49
243	decode	2.01142	0.370727	40.5028	129.05	49	129.05	49
244	decode	2.01145	0.369562	40.374	127.943	49	129.05	49
245	decode	2.01149	0.37058	40.4838	127.666	49	127.666	49
246	decode	2.01153	0.370278	40.4492	125.276	49	127.666	49
247	decode	2.01157	0.370558	40.4782	124.678	49	124.678	49
248	decode	2.0116	0.372673	40.7078	127.328	49	127.99	49
249	decode	2.01164	0.370513	40.4703	127.99	49	127.99	49
250	decode	2.01168	0.370826	40.5029	128.472	49	128.592	49
251	decode	2.01172	0.370668	40.4842	128.592	49	128.592	49
252	decode	2.01176	0.366711	40.0505	130.393	49	130.843	49
253	decode	2.01179	0.369077	40.3074	130.843	49	130.843	49
254	decode	2.01183	0.370043	40.4114	126.49	49	130.843	49
255	decode	2.01187	0.370387	40.4475	125.402	49	125.402	49
