0	prefill	804.934	62.0662	10200.1	131.072	44.6667	132.555	48
1	decode	8	1.5234	209.909	174.913	43	301.989	43
2	decode	8	1.51352	208.536	301.989	43	301.989	43
3	decode	8	1.5232	209.858	301.989	43	301.989	43
4	decode	8	1.51615	208.876	213.936	55.5	301.989	68
5	decode	8	1.51818	209.144	125.883	68	125.883	68
6	decode	8	1.51791	209.095	125.883	68	125.883	68
7	decode	8	1.52841	210.531	125.744	68	125.744	68
8	decode	8	1.52695	210.318	125.744	68	125.744	68
9	decode	8	1.52612	210.192	126.109	62	127.203	68
10	decode	8	1.53041	210.772	127.203	44	127.203	44
11	decode	8	1.50921	207.84	127.203	44	127.203	44
12	decode	8	1.51397	208.485	126.183	44	127.203	44
13	decode	8	1.52412	209.871	125.673	44	125.673	44
14	decode	8	1.51895	209.148	125.673	44	125.673	44
15	decode	8	1.52973	210.621	127.527	44	127.527	44
16	decode	8	1.53153	210.858	127.527	44	127.527	44
17	decode	8	1.53503	211.329	129.032	44	132.041	44
18	decode	8	1.52801	210.351	132.041	44	132.041	44
19	decode	8	1.5343	211.205	132.041	44	132.041	44
20	decode	8	1.53717	211.588	126.615	44	132.041	44
21	decode	8	1.51985	209.194	124.807	44	124.807	44
22	decode	8	1.53429	211.17	124.807	44	124.807	44
23	decode	8	1.54253	212.291	129.645	44	129.645	44
24	decode	8	1.53874	211.758	129.645	44	129.645	44
25	decode	8	1.53571	211.33	133.428	44	137.211	44
26	decode	8	1.53825	211.668	137.211	44	137.211	44
27	decode	8	1.51229	208.085	137.211	44	137.211	44
28	decode	8	1.53977	211.854	128.904	44	137.211	44
29	decode	8	1.54301	212.289	126.135	44	126.135	44
30	decode	8	1.53663	211.4	126.135	44	126.135	44
31	decode	8	1.54509	212.552	127.659	44	127.659	44
32	decode	8	1.5428	212.225	127.659	44	127.659	44
33	decode	8	1.54579	212.625	127.56	44	127.659	44
34	decode	8	1.53767	211.497	127.527	44	127.527	44
35	decode	8	1.54399	212.354	127.527	44	127.527	44
36	decode	8	1.54138	211.984	127.527	44	127.527	44
37	decode	8	1.53536	211.145	127.527	44	127.527	44
38	decode	8	1.54527	212.497	128.326	44	129.923	44
39	decode	8	1.54215	212.056	129.923	44	129.923	44
40	decode	8	1.53027	210.411	129.923	44	129.923	44
41	decode	8	1.54556	212.502	127.431	44	129.923	44
42	decode	8	1.5461	212.564	126.6	44	126.6	44
43	decode	8	1.53726	211.338	126.6	44	126.6	44
44	decode	8	1.47837	203.231	127.527	44	127.527	44
45	decode	8	1.51967	208.896	127.527	44	127.527	44
46	decode	8	1.53196	210.574	127.825	44	128.123	44
47	decode	8	1.53402	210.847	128.123	44	128.123	44
48	decode	8	1.52191	209.171	128.123	44	128.123	44
49	decode	8	1.53434	210.868	126.534	44	128.123	44
50	decode	8	1.53142	210.456	126.005	44	126.005	44
51	decode	8	1.53856	211.424	126.602	44	128.393	44
52	decode	8	1.5314	210.429	128.393	44	128.393	44
53	decode	8	1.53812	211.342	128.393	44	128.393	44
54	decode	8	1.53376	210.732	131.442	44	134.49	44
55	decode	8	1.53764	211.252	134.49	44	134.49	44
56	decode	8	1.53977	211.534	134.49	44	134.49	44
57	decode	8	1.53858	211.359	129.715	44	134.49	44
58	decode	8	1.52514	209.501	128.123	44	128.123	44
59	decode	8	1.54084	211.646	127.742	44	128.123	44
60	decode	8	1.52017	208.797	126.6	44	126.6	44
61	decode	8	1.53141	210.329	126.6	44	126.6	44
62	decode	8	1.53902	211.363	131.743	44	136.886	44
63	decode	8	1.53187	210.37	136.886	44	136.886	44
64	decode	8	1.53757	211.14	134.546	44	136.886	44
65	decode	8	1.54077	211.568	127.527	44	127.527	44
66	decode	8	1.53929	211.354	127.527	44	127.527	44
67	decode	8	1.53949	211.37	128.653	44.25	129.779	45
68	decode	8	1.53993	211.419	129.779	45	129.779	45
69	decode	8	1.544	211.967	129.779	45	129.779	45
70	decode	8	1.52678	209.591	132.97	45	134.034	45
71	decode	8	1.50442	206.511	134.034	45	134.034	45
72	decode	8	1.53637	210.885	133.087	45	134.034	45
73	decode	8	1.53755	211.036	130.248	45	130.248	45
74	decode	8	1.53878	211.192	130.248	45	130.248	45
75	decode	8	1.53941	211.267	130.779	45	131.311	45
76	decode	8	1.53757	211.004	131.311	45	131.311	45
77	decode	8	1.53606	210.785	131.311	45	131.311	45
78	decode	8	1.53096	210.074	129.183	44	129.183	44
79	decode	8	1.53531	210.66	129.183	44	129.183	44
80	decode	8	1.53446	210.532	129.55	44	130.653	44
81	decode	8	1.54437	211.879	130.653	44	130.653	44
82	decode	8	1.53267	210.263	130.653	44	130.653	44
83	decode	8	1.53159	210.104	132.042	44.5	133.431	45
84	decode	8	1.53548	210.626	133.431	45	133.431	45
85	decode	8	1.53934	211.144	133.431	45	133.431	45
86	decode	8	1.53563	210.624	128.123	45	128.123	45
87	decode	8	1.53663	210.75	128.123	45	128.123	45
88	decode	8	1.52843	209.614	128.537	45	129.779	45
89	decode	8	1.51913	208.327	129.779	45	129.779	45
90	decode	8	1.53025	209.841	129.779	45	129.779	45
91	decode	8	1.53201	210.071	132.866	45	133.895	45
92	decode	8	1.53243	210.117	133.895	45	133.895	45
93	decode	8	1.47132	201.728	133.895	45	133.895	45
94	decode	8	1.5033	206.1	129.454	44	129.454	44
95	decode	8	1.45784	199.858	129.454	44	129.454	44
96	decode	8	1.53802	210.838	128.212	44	129.454	44
97	decode	8	1.53611	210.565	127.798	44	127.798	44
98	decode	8	1.53622	210.568	127.798	44	127.798	44
99	decode	8	1.53796	210.796	129.645	44	129.645	44
100	decode	8	1.53691	210.641	129.645	44	129.645	44
101	decode	8	1.53629	210.544	129.784	44	129.923	44
102	decode	8	1.54474	211.691	129.923	44	129.923	44
103	decode	8	1.53412	210.225	129.923	44	129.923	44
104	decode	8	1.53972	210.981	132.451	44.75	133.293	45
105	decode	8	1.5394	210.925	133.293	45	133.293	45
106	decode	8	1.5399	210.982	132.266	45	133.293	45
107	decode	8	1.53886	210.828	129.183	45	129.183	45
108	decode	8	1.53455	210.227	129.183	45	129.183	45
109	decode	8	1.53728	210.589	130.013	45	130.843	45
110	decode	8	1.54049	211.017	130.843	45	130.843	45
111	decode	8	1.54117	211.1	130.843	45	130.843	45
112	decode	8	1.54409	211.488	134.024	45	135.085	45
113	decode	8	1.4667	200.878	135.085	45	135.085	45
114	decode	8	1.5279	209.248	133.495	45	135.085	45
115	decode	8	1.50473	206.063	128.725	45	128.725	45
116	decode	8	1.53149	209.716	128.725	45	128.725	45
117	decode	8	1.53094	209.63	129.92	45	130.518	45
118	decode	8	1.53267	209.856	130.518	45	130.518	45
119	decode	8	1.5377	210.534	130.518	45	130.518	45
120	decode	8	1.53986	210.817	140.526	45	140.526	45
121	decode	8	1.53495	210.134	140.526	45	140.526	45
122	decode	8	1.53936	210.726	137.409	45	140.526	45
123	decode	8	1.53776	210.496	131.175	45	131.175	45
124	decode	8	1.53204	209.702	131.175	45	131.175	45
125	decode	8	1.54052	210.851	132.623	45	133.106	45
126	decode	8	1.52665	208.941	133.106	45	133.106	45
127	decode	8	1.52246	208.356	131.928	45	133.106	45
128	decode	8	1.52501	208.694	128.393	45	128.393	45
129	decode	8	1.52371	208.505	128.393	45	128.393	45
130	decode	8	1.52435	208.582	129.642	45	130.058	45
131	decode	8	1.52791	209.058	130.058	45	130.058	45
132	decode	8	1.51738	207.605	130.058	45	130.058	45
133	decode	8	1.49614	204.689	137.028	45	137.028	45
134	decode	8	1.52627	208.8	137.028	45	137.028	45
135	decode	8	1.53249	209.64	133.84	45	137.028	45
136	decode	8	1.52587	208.723	130.653	45	130.653	45
137	decode	8	1.53739	210.287	130.653	45	130.653	45
138	decode	8	1.53662	210.171	131.044	45	131.175	45
139	decode	8	1.53562	210.023	131.175	45	131.175	45
140	decode	8	1.53914	210.493	133.781	45	141.6	45
141	decode	8	1.54247	210.936	141.6	45	141.6	45
142	decode	8	1.53113	209.374	141.6	45	141.6	45
143	decode	8	1.54013	210.594	135.325	45	141.6	45
144	decode	8	1.54	210.564	129.05	45	129.05	45
145	decode	8	1.53793	210.27	129.05	45	129.05	45
146	decode	8	1.54114	210.697	133.106	45	133.106	45
147	decode	8	1.5424	210.858	133.106	45	133.106	45
148	decode	8	1.5471	211.49	132.344	45	133.106	45
149	decode	8	1.54528	211.23	130.058	45	130.058	45
150	decode	8	1.54488	211.164	130.058	45	130.058	45
151	decode	8	1.53911	210.364	131.745	45	133.431	45
152	decode	8	1.54041	210.53	133.431	45	133.431	45
153	decode	8	1.54299	210.871	133.431	45	133.431	45
154	decode	8	1.54262	210.809	134.49	45	134.49	45
155	decode	8	1.54134	210.624	134.49	45	134.49	45
156	decode	8	1.53954	210.365	133.531	45	134.49	45
157	decode	8	1.54841	211.567	130.653	45	130.653	45
158	decode	8	1.54147	210.608	130.653	45	130.653	45
159	decode	8	1.54964	211.712	132.365	45	132.365	45
160	decode	8	1.54496	211.061	132.365	45	132.365	45
161	decode	8	1.54734	211.375	132.284	45	132.365	45
162	decode	8	1.54263	210.72	132.041	45	132.041	45
163	decode	8	1.54699	211.305	132.041	45	132.041	45
164	decode	8	1.54247	210.676	130.383	45	132.041	45
165	decode	8	1.54477	210.979	128.725	45	128.725	45
166	decode	8	1.55189	211.939	128.725	45	128.725	45
167	decode	8	1.54797	211.392	132.365	46	132.365	46
168	decode	8	1.54536	211.026	132.365	46	132.365	46
169	decode	8	1.54749	211.305	134.556	46	141.129	46
170	decode	8	1.53917	210.157	141.129	46	141.129	46
171	decode	8	1.50651	205.687	141.129	46	141.129	46
172	decode	8	1.51124	206.322	135.472	46	141.129	46
173	decode	8	1.55078	211.708	132.643	46	132.643	46
174	decode	8	1.54181	210.472	132.643	46	132.643	46
175	decode	8	1.5379	209.927	136.283	46	136.283	46
176	decode	8	1.5077	205.794	136.283	46	136.283	46
177	decode	8	1.54073	210.291	134.163	45.6667	136.283	46
178	decode	8	1.5368	209.744	129.923	45	129.923	45
179	decode	8	1.53858	209.976	129.923	45	129.923	45
180	decode	8	1.53423	209.37	129.815	45	129.923	45
181	decode	8	1.54477	210.797	129.779	45	129.779	45
182	decode	8	1.54756	211.167	129.779	45	129.779	45
183	decode	8	1.5432	210.561	136.424	46	136.424	46
184	decode	8	1.49502	203.976	136.424	46	136.424	46
185	decode	8	1.52175	207.611	134.765	46	136.424	46
186	decode	8	1.54336	210.549	133.106	46	133.106	46
187	decode	8	1.54795	211.164	133.106	46	133.106	46
188	decode	8	1.54676	210.989	133.563	45.25	133.563	46
189	decode	8	1.54701	211.012	133.563	45	133.563	45
190	decode	8	1.54859	211.217	137.717	45	141.871	45
191	decode	8	1.53078	208.776	141.871	45	141.871	45
192	decode	8	1.51925	207.192	141.871	45	141.871	45
193	decode	8	1.55688	212.313	133.701	45.75	141.871	46
194	decode	8	1.5482	211.119	130.978	46	130.978	46
195	decode	8	1.54635	210.855	131.557	46	133.293	46
196	decode	8	1.54267	210.342	133.293	46	133.293	46
197	decode	8	1.55399	211.874	133.293	46	133.293	46
198	decode	8	1.54224	210.261	135.787	46	138.281	46
199	decode	8	1.53913	209.825	138.281	46	138.281	46
200	decode	8	1.54553	210.686	138.281	46	138.281	46
201	decode	8	1.55464	211.916	134.053	46	138.281	46
202	decode	8	1.52879	208.382	132.643	46	132.643	46
203	decode	8	1.55284	211.648	133.521	46	136.154	46
204	decode	8	1.55117	211.41	136.154	46	136.154	46
205	decode	8	1.54959	211.184	136.154	46	136.154	46
206	decode	8	1.54642	210.74	134.561	46	136.154	46
207	decode	8	1.55239	211.542	132.968	46	132.968	46
208	decode	8	1.5408	209.951	132.968	46	132.968	46
209	decode	8	1.54732	210.829	130.978	46	130.978	46
210	decode	8	1.54702	210.777	130.978	46	130.978	46
211	decode	8	1.5447	210.449	131.856	46	134.49	46
212	decode	8	1.54059	209.878	134.49	46	134.49	46
213	decode	8	1.55067	211.239	134.49	46	134.49	46
214	decode	8	1.55227	211.447	132.768	46	134.49	46
215	decode	8	1.54553	210.517	131.907	46	131.907	46
216	decode	8	1.56184	212.727	132.321	46	133.563	46
217	decode	8	1.55973	212.429	133.563	46	133.563	46
218	decode	8	1.54653	210.62	133.563	46	133.563	46
219	decode	8	1.55776	212.137	136.148	46	138.733	46
220	decode	8	1.54286	210.097	138.733	46	138.733	46
221	decode	8	1.55219	211.356	138.733	46	138.733	46
222	decode	8	1.55001	211.049	133.895	46	133.895	46
223	decode	8	1.55599	211.852	133.895	46	133.895	46
224	decode	8	1.53886	209.508	134.228	46	135.225	46
225	decode	8	1.55816	212.124	135.225	46	135.225	46
226	decode	8	1.47407	200.665	135.225	46	135.225	46
227	decode	8	1.55425	211.568	135.75	46	136.013	46
228	decode	8	1.54532	210.343	136.013	46	136.013	46
229	decode	8	1.55489	211.633	136.013	46	136.013	46
230	decode	8	1.54846	210.747	133.563	46	133.563	46
231	decode	8	1.5578	212.007	133.563	46	133.563	46
232	decode	8	1.5533	211.383	134.326	46	136.616	46
233	decode	8	1.55751	211.944	136.616	46	136.616	46
234	decode	8	1.5538	211.429	136.616	46	136.616	46
235	decode	8	1.55304	211.314	138.656	46.75	139.336	47
236	decode	8	1.55338	211.349	139.336	47	139.336	47
237	decode	8	1.55955	212.177	139.336	47	139.336	47
238	decode	8	1.55031	210.909	133.895	47	133.895	47
239	decode	8	1.55657	211.748	133.895	47	133.895	47
240	decode	8	1.54947	210.772	134.449	47	135.558	47
241	decode	8	1.55061	210.915	135.558	47	135.558	47
242	decode	8	1.54567	210.232	135.558	47	135.558	47
243	decode	8	1.5479	210.524	134.514	47	135.558	47
244	decode	8	1.55017	210.821	134.166	47	134.166	47
245	decode	8	1.54962	210.735	134.166	47	134.166	47
246	decode	8	1.54502	210.099	132.781	46	132.781	46
247	decode	8	1.55443	211.368	132.781	46	132.781	46
248	decode	8	1.54453	210.01	134.456	46	137.806	46
249	decode	8	1.54873	210.57	137.806	46	137.806	46
250	decode	8	1.54924	210.627	137.806	46	137.806	46
251	decode	8	1.54569	210.133	133.828	46.75	137.806	47
252	decode	8	1.54162	209.569	132.502	47	132.502	47
253	decode	8	1.54435	209.929	132.703	47	133.106	47
254	decode	8	1.54883	210.527	133.106	47	133.106	47
255	decode	8	1.55323	211.114	133.106	47	133.106	47
