0	prefill	1180.12	169.338	12101.8	256.021	47	293.196	47
1	decode	15.8657	11.347	753.864	293.196	47	293.196	47
2	decode	15.8641	11.4059	757.752	293.196	47	293.196	47
3	decode	15.8624	11.363	754.877	293.196	47	293.196	47
4	decode	15.8608	11.4731	762.164	451.813	96	451.813	96
5	decode	15.8592	11.4466	760.374	451.813	96	451.813	96
6	decode	15.8575	11.4546	760.878	451.813	96	451.813	96
7	decode	15.8559	11.4013	757.316	451.813	96	451.813	96
8	decode	15.8542	11.1094	737.896	345.191	96	451.813	96
9	decode	15.8526	11.3814	755.94	238.569	96	238.569	96
10	decode	15.851	11.4035	757.381	238.569	96	238.569	96
11	decode	15.8493	11.4144	758.076	238.569	96	238.569	96
12	decode	15.8477	11.421	758.493	238.569	96	238.569	96
13	decode	15.8461	11.4479	760.252	238.569	94.5	238.569	96
14	decode	15.8444	11.4266	758.808	238.569	93	238.569	93
15	decode	15.8428	11.4373	759.494	238.569	93	238.569	93
16	decode	15.8412	11.4529	760.499	238.569	93	238.569	93
17	decode	15.8395	11.4205	758.324	238.569	93	238.569	93
18	decode	15.8379	11.3798	755.594	238.298	93	238.298	93
19	decode	15.8363	10.9741	728.632	238.298	93	238.298	93
20	decode	15.8346	11.4444	759.83	238.298	93	238.298	93
21	decode	15.833	11.4258	758.574	238.298	93	238.298	93
22	decode	15.8314	11.4405	759.52	238.298	93	238.298	93
23	decode	15.8298	11.4118	757.589	238.219	94	238.219	94
24	decode	15.8281	11.3737	755.03	238.219	94	238.219	94
25	decode	15.8265	11.4047	757.062	238.219	94	238.219	94
26	decode	15.8249	11.2175	744.614	238.219	94	238.219	94
27	decode	15.8232	11.3721	754.848	240.059	94	241.899	94
28	decode	15.8216	11.332	752.163	241.899	94	241.899	94
29	decode	15.82	11.3666	754.433	241.899	94	241.899	94
30	decode	15.8184	11.3635	754.199	241.899	94	241.899	94
31	decode	15.8167	11.3215	751.383	241.899	94	241.899	94
32	decode	15.8151	11.3302	751.933	241.597	94.5	241.899	95
33	decode	15.8135	11.326	751.632	241.295	95	241.295	95
34	decode	15.8119	11.3266	751.642	241.295	95	241.295	95
35	decode	15.8102	11.3388	752.426	241.295	95	241.295	95
36	decode	15.8086	11.2615	747.27	241.295	95	241.295	95
37	decode	15.807	11.2636	747.386	238.895	95	238.895	95
38	decode	15.8054	11.2638	747.37	238.895	95	238.895	95
39	decode	15.8037	11.235	745.434	238.895	95	238.895	95
40	decode	15.8021	11.3392	752.322	238.895	95	238.895	95
41	decode	15.8005	11.2062	743.477	246.155	95.3333	249.785	96
42	decode	15.7989	11.2202	744.38	249.785	96	249.785	96
43	decode	15.7973	11.2245	744.637	249.785	96	249.785	96
44	decode	15.7956	11.1515	739.768	249.785	96	249.785	96
45	decode	15.794	11.1777	741.482	249.785	96	249.785	96
46	decode	15.7924	11.1674	740.773	246.747	96	246.747	96
47	decode	15.7908	11.0852	735.296	246.747	96	246.747	96
48	decode	15.7892	11.3068	749.968	246.747	96	246.747	96
49	decode	15.7875	11.1248	737.869	246.747	96	246.747	96
50	decode	15.7859	11.1716	740.946	244.951	96	246.747	96
51	decode	15.7843	11.1226	737.674	243.154	95	243.154	95
52	decode	15.7827	11.1535	739.694	243.154	95	243.154	95
53	decode	15.7811	11.068	733.997	243.154	95	243.154	95
54	decode	15.7795	11.1611	740.15	243.154	95	243.154	95
55	decode	15.7778	11.05	732.754	248.877	95	248.877	95
56	decode	15.7762	11.176	741.083	248.877	95	248.877	95
57	decode	15.7746	11.0372	731.855	248.877	95	248.877	95
58	decode	15.773	11.1284	737.878	248.877	95	248.877	95
59	decode	15.7714	11.0116	730.106	248.877	95	248.877	95
60	decode	15.7698	11.0412	732.041	247.072	96	247.072	96
61	decode	15.7682	10.9779	727.819	247.072	96	247.072	96
62	decode	15.7665	11.0636	733.475	247.072	96	247.072	96
63	decode	15.7649	10.9612	726.662	247.072	96	247.072	96
64	decode	15.7633	11.0571	732.998	248.564	96	250.056	96
65	decode	15.7617	10.9742	727.472	250.056	96	250.056	96
66	decode	15.7601	11.0207	730.529	250.056	96	250.056	96
67	decode	15.7585	10.9086	723.075	250.056	96	250.056	96
68	decode	15.7569	10.9534	726.02	250.056	96	250.056	96
69	decode	15.7553	10.8865	721.56	249.527	96	249.527	96
70	decode	15.7537	10.9508	725.798	249.527	96	249.527	96
71	decode	15.7521	10.8427	718.608	249.527	96	249.527	96
72	decode	15.7504	10.9309	724.428	249.527	96	249.527	96
73	decode	15.7488	10.847	718.844	252.717	96	255.908	96
74	decode	15.7472	10.9138	723.242	255.908	96	255.908	96
75	decode	15.7456	10.7914	715.108	255.908	96	255.908	96
76	decode	15.744	10.8399	718.294	255.908	96	255.908	96
77	decode	15.7424	10.7866	714.738	255.908	96	255.908	96
78	decode	15.7408	10.8748	720.557	249.202	96	249.202	96
79	decode	15.7392	10.7599	712.923	249.202	96	249.202	96
80	decode	15.7376	10.638	704.822	249.202	96	249.202	96
81	decode	15.736	10.7166	710.003	249.202	96	249.202	96
82	decode	15.7344	10.8538	719.068	249.802	96	250.402	96
83	decode	15.7328	10.739	711.438	250.402	96	250.402	96
84	decode	15.7312	10.7638	713.056	250.402	96	250.402	96
85	decode	15.7296	10.7048	709.122	250.402	96	250.402	96
86	decode	15.728	10.7868	714.533	250.402	96	250.402	96
87	decode	15.7264	10.6693	706.72	250.727	96	250.727	96
88	decode	15.7248	10.7558	712.425	250.727	96	250.727	96
89	decode	15.7232	10.6609	706.118	250.727	96	250.727	96
90	decode	15.7216	10.7621	712.796	250.727	96	250.727	96
91	decode	15.72	10.6407	704.732	252.188	96	252.188	96
92	decode	15.7184	10.6744	706.938	252.188	96	252.188	96
93	decode	15.7168	10.635	704.307	252.188	96	252.188	96
94	decode	15.7152	10.7216	710.012	252.188	96	252.188	96
95	decode	15.7136	10.5879	701.133	251.424	96	252.188	96
96	decode	15.712	10.6714	706.642	250.661	96	250.661	96
97	decode	15.7104	10.5877	701.072	250.661	96	250.661	96
98	decode	15.7088	10.6948	708.144	250.661	96	250.661	96
99	decode	15.7072	10.5379	697.725	250.661	96	250.661	96
100	decode	15.7056	10.5613	699.251	254.041	96	254.041	96
101	decode	15.704	10.5295	697.125	254.041	96	254.041	96
102	decode	15.7024	10.613	702.63	254.041	96	254.041	96
103	decode	15.7008	10.4944	694.753	254.041	96	254.041	96
104	decode	15.6992	10.5684	699.625	251.832	96	254.041	96
105	decode	15.6976	10.5063	695.489	250.727	96	250.727	96
106	decode	15.696	10.5825	700.51	250.727	96	250.727	96
107	decode	15.6944	10.4567	692.157	250.727	96	250.727	96
108	decode	15.6929	10.4944	694.633	252.09	96	253.453	96
109	decode	15.6913	10.4511	691.742	253.453	96	253.453	96
110	decode	15.6897	10.5294	696.899	253.453	96	253.453	96
111	decode	15.6881	10.3723	686.479	253.453	96	253.453	96
112	decode	15.6865	10.5128	695.752	253.453	96	253.453	96
113	decode	15.6849	10.4033	688.482	255.583	97	255.583	97
114	decode	15.6833	10.5035	695.092	255.583	97	255.583	97
115	decode	15.6817	10.3871	687.361	255.583	97	255.583	97
116	decode	15.6801	10.421	689.58	255.583	97	255.583	97
117	decode	15.6785	10.3667	685.964	253.146	97	255.583	97
118	decode	15.677	10.4673	692.594	251.928	97	251.928	97
119	decode	15.6754	10.3385	684.052	251.928	97	251.928	97
120	decode	15.6738	10.4221	689.559	251.928	97	251.928	97
121	decode	15.6722	10.3172	682.592	253.918	96.5	255.908	97
122	decode	15.6706	10.4418	690.811	255.908	96	255.908	96
123	decode	15.669	10.321	682.797	255.908	96	255.908	96
124	decode	15.6674	10.3504	684.716	255.908	96	255.908	96
125	decode	15.6659	10.3025	681.528	255.908	96	255.908	96
126	decode	15.6643	10.4	687.956	258.309	96	258.309	96
127	decode	15.6627	10.2582	678.551	258.309	96	258.309	96
128	decode	15.6611	10.3404	683.965	258.309	96	258.309	96
129	decode	15.6595	10.2521	678.097	258.309	96	258.309	96
130	decode	15.6579	10.3637	685.457	251.928	96	251.928	96
131	decode	15.6564	10.2403	677.271	251.928	96	251.928	96
132	decode	15.6548	10.2543	678.171	251.928	96	251.928	96
133	decode	15.6532	10.2175	675.716	251.928	96	251.928	96
134	decode	15.6516	10.3001	681.157	254.053	96	256.179	96
135	decode	15.65	10.18	673.191	256.179	96	256.179	96
136	decode	15.6484	10.2629	678.649	256.179	96	256.179	96
137	decode	15.6469	10.1643	672.102	256.179	96	256.179	96
138	decode	15.6453	10.2746	679.375	256.572	96	256.769	96
139	decode	15.6437	10.1429	670.642	256.769	96	256.769	96
140	decode	15.6421	10.1672	672.226	256.769	96	256.769	96
141	decode	15.6406	10.1301	669.75	256.769	96	256.769	96
142	decode	15.639	10.1047	668.05	257.539	96	258.309	96
143	decode	15.6374	10.0471	664.215	258.309	96	258.309	96
144	decode	15.6358	10.1897	673.624	258.309	96	258.309	96
145	decode	15.6342	10.0973	667.49	258.309	96	258.309	96
146	decode	15.6327	10.2189	675.507	259.217	96.3333	261.033	97
147	decode	15.6311	10.0645	665.273	261.033	97	261.033	97
148	decode	15.6295	10.1139	668.518	261.033	97	261.033	97
149	decode	15.6279	10.0548	664.59	261.033	97	261.033	97
150	decode	15.6264	10.165	671.845	261.033	97	261.033	97
151	decode	15.6248	10.0158	661.967	256.444	97	256.444	97
152	decode	15.6232	10.1093	668.119	256.444	97	256.444	97
153	decode	15.6217	10.0069	661.332	256.444	97	256.444	97
154	decode	15.6201	10.1283	669.331	256.444	97	256.444	97
155	decode	15.6185	9.9836	659.744	256.444	97	256.444	97
156	decode	15.6169	10.045	663.778	256.444	97	256.444	97
157	decode	15.6154	9.9932	660.333	256.444	97	256.444	97
158	decode	15.6138	10.0926	666.88	259.173	96	259.173	96
159	decode	15.6122	9.91707	655.257	259.173	96	259.173	96
160	decode	15.6107	10.0472	663.835	259.173	96	259.173	96
161	decode	15.6091	9.93446	656.361	259.173	96	259.173	96
162	decode	15.6075	10.0588	664.553	259.173	96	259.173	96
163	decode	15.6059	9.91466	655.007	255.36	96	259.173	96
164	decode	15.6044	9.94909	657.259	253.453	96	253.453	96
165	decode	15.6028	9.90698	654.454	253.453	96	253.453	96
166	decode	15.6012	9.99992	660.571	253.453	96	253.453	96
167	decode	15.5997	9.85507	650.98	254.813	96	256.173	96
168	decode	15.5981	9.97852	659.112	256.173	96	256.173	96
169	decode	15.5965	9.85562	650.972	256.173	96	256.173	96
170	decode	15.595	9.98167	659.274	256.173	96	256.173	96
171	decode	15.5934	9.83235	649.389	256.339	96.5	256.505	97
172	decode	15.5918	9.87754	652.351	256.505	97	256.505	97
173	decode	15.5903	9.82127	648.613	256.505	97	256.505	97
174	decode	15.5887	9.94815	656.969	256.505	97	256.505	97
175	decode	15.5872	9.74846	643.76	255.088	97	256.505	97
176	decode	15.5856	9.91509	654.741	252.253	97	252.253	97
177	decode	15.584	9.75775	644.328	252.253	97	252.253	97
178	decode	15.5825	9.91026	654.377	252.253	97	252.253	97
179	decode	15.5809	9.76968	645.072	252.054	97	252.253	97
180	decode	15.5793	9.79938	647.011	251.657	97	251.657	97
181	decode	15.5778	9.74265	643.242	251.657	97	251.657	97
182	decode	15.5762	9.8472	650.122	251.657	97	251.657	97
183	decode	15.5747	9.70026	640.399	251.657	97	251.657	97
184	decode	15.5731	9.80221	647.107	253.128	97	253.128	97
185	decode	15.5715	9.69652	640.108	253.128	97	253.128	97
186	decode	15.57	9.83462	649.202	253.128	97	253.128	97
187	decode	15.5684	9.6741	638.584	253.128	97	253.128	97
188	decode	15.5669	9.73385	642.506	254.654	97	254.654	97
189	decode	15.5653	9.66848	638.169	254.654	97	254.654	97
190	decode	15.5638	9.77994	645.503	254.654	97	254.654	97
191	decode	15.5622	9.63463	635.891	254.817	97	254.979	97
192	decode	15.5606	9.75106	643.552	254.979	97	254.979	97
193	decode	15.5591	9.62689	635.336	254.979	97	254.979	97
194	decode	15.5575	9.75124	643.52	254.979	97	254.979	97
195	decode	15.556	9.59929	633.47	255.281	96.5	255.583	97
196	decode	15.5544	9.6458	636.518	255.583	96	255.583	96
197	decode	15.5529	9.58185	632.275	255.583	96	255.583	96
198	decode	15.5513	9.71466	641.017	255.583	96	255.583	96
199	decode	15.5498	9.53634	629.229	256.014	96	256.444	96
200	decode	15.5482	9.64367	636.289	256.444	96	256.444	96
201	decode	15.5467	9.48708	625.935	256.444	96	256.444	96
202	decode	15.5451	9.65248	636.826	256.444	96	256.444	96
203	decode	15.5435	9.534	628.988	256.475	96.5	256.505	97
204	decode	15.542	9.57873	631.917	256.505	97	256.505	97
205	decode	15.5404	9.52978	628.666	256.505	97	256.505	97
206	decode	15.5389	9.62571	634.972	256.505	97	256.505	97
207	decode	15.5373	9.48085	625.394	256.777	97	257.049	97
208	decode	15.5358	9.60543	633.59	257.049	97	257.049	97
209	decode	15.5342	9.48449	625.591	257.049	97	257.049	97
210	decode	15.5327	9.61912	634.45	257.049	97	257.049	97
211	decode	15.5311	9.47059	624.631	255.272	97	257.049	97
212	decode	15.5296	9.53015	628.538	254.383	97	254.383	97
213	decode	15.5281	9.45859	623.797	254.383	97	254.383	97
214	decode	15.5265	9.58781	632.297	254.383	97	254.383	97
215	decode	15.525	9.42273	621.389	256.377	97	257.374	97
216	decode	15.5234	9.5645	630.716	257.374	97	257.374	97
217	decode	15.5219	9.4117	620.619	257.374	97	257.374	97
218	decode	15.5203	9.576	631.431	257.374	97	257.374	97
219	decode	15.5188	9.39498	619.473	258.611	97	259.23	97
220	decode	15.5172	9.45395	623.34	259.23	97	259.23	97
221	decode	15.5157	9.38086	618.5	259.23	97	259.23	97
222	decode	15.5141	9.51655	627.424	259.23	97	259.23	97
223	decode	15.5126	9.35515	616.761	260.7	97	260.7	97
224	decode	15.5111	9.4834	625.195	260.7	97	260.7	97
225	decode	15.5095	9.35237	616.536	260.7	97	260.7	97
226	decode	15.508	9.49585	625.973	260.7	97	260.7	97
227	decode	15.5064	9.30516	613.381	259.23	97	259.23	97
228	decode	15.5049	9.36988	617.626	259.23	97	259.23	97
229	decode	15.5033	9.30715	613.47	259.23	97	259.23	97
230	decode	15.5018	9.43614	621.951	259.067	97	259.23	97
231	decode	15.5003	9.27893	611.568	258.905	97	258.905	97
232	decode	15.4987	9.40774	620.036	258.905	97	258.905	97
233	decode	15.4972	9.28064	611.638	258.905	97	258.905	97
234	decode	15.4956	9.42743	621.291	258.769	97	258.905	97
235	decode	15.4941	9.23346	608.487	258.634	97	258.634	97
236	decode	15.4926	9.32207	614.305	258.634	97	258.634	97
237	decode	15.491	9.24813	609.411	258.634	97	258.634	97
238	decode	15.4895	9.37768	617.927	258.634	97	258.634	97
239	decode	15.488	9.19406	605.806	258.634	97	258.634	97
240	decode	15.4864	9.34511	615.738	258.634	97	258.634	97
241	decode	15.4849	9.20677	606.602	258.634	97	258.634	97
242	decode	15.4834	9.36822	617.218	254.32	97	254.32	97
243	decode	15.4818	9.19741	605.943	254.32	97	254.32	97
244	decode	15.4803	9.26236	610.202	254.32	97	254.32	97
245	decode	15.4787	9.17284	604.283	254.32	97	254.32	97
246	decode	15.4772	9.3482	615.814	261.63	97	261.63	97
247	decode	15.4757	9.16341	603.62	261.63	97	261.63	97
248	decode	15.4741	9.30081	612.65	261.63	97	261.63	97
249	decode	15.4726	9.1611	603.426	260.722	97	261.63	97
250	decode	15.4711	9.31861	613.78	258.905	97	258.905	97
251	decode	15.4696	9.13117	601.413	258.905	97	258.905	97
252	decode	15.468	9.19823	605.809	258.905	97	258.905	97
253	decode	15.4665	9.10827	599.864	260.322	97	263.157	97
254	decode	15.465	9.28884	611.735	263.157	97	263.157	97
255	decode	15.4634	9.10716	599.749	263.157	97	263.157	97
