0	prefill	107.258	69.8226	5337.71	173.016	20	173.016	20
1	decode	2.00239	1.41337	99.7845	173.016	20	173.016	20
2	decode	2.00243	1.42224	100.408	173.016	20	173.016	20
3	decode	2.00247	1.42968	100.93	173.016	20	173.016	20
4	decode	2.00251	1.4331	101.169	206.743	20	206.743	20
5	decode	2.00255	1.43657	101.41	206.743	20	206.743	20
6	decode	2.00259	1.4207	100.287	206.743	20	206.743	20
7	decode	2.00263	1.43036	100.967	206.743	20	206.743	20
8	decode	2.00268	1.42629	100.676	206.743	20	206.743	20
9	decode	2.00272	1.42644	100.684	178.764	83	178.764	83
10	decode	2.00276	1.4302	100.946	178.764	83	178.764	83
11	decode	2.0028	1.42754	100.756	178.764	83	178.764	83
12	decode	2.00284	1.42708	100.721	178.764	83	178.764	83
13	decode	2.00288	1.4308	100.981	178.764	83	178.764	83
14	decode	2.00292	1.42171	100.336	206.253	83	206.253	83
15	decode	2.00296	1.42827	100.796	206.253	83	206.253	83
16	decode	2.003	1.43432	101.22	206.253	83	206.253	83
17	decode	2.00304	1.42893	100.837	206.253	83	206.253	83
18	decode	2.00308	1.43569	101.311	206.253	83	206.253	83
19	decode	2.00312	1.43294	101.114	208.315	80.5	208.315	83
20	decode	2.00316	1.43286	101.106	208.315	78	208.315	78
21	decode	2.0032	1.43111	100.98	208.315	78	208.315	78
22	decode	2.00324	1.42914	100.837	208.315	78	208.315	78
23	decode	2.00328	1.43672	101.37	208.315	78	208.315	78
24	decode	2.00332	1.43254	101.072	210.11	78	210.11	78
25	decode	2.00336	1.43222	101.046	210.11	78	210.11	78
26	decode	2.0034	1.43121	100.972	210.11	78	210.11	78
27	decode	2.00344	1.43332	101.118	210.11	78	210.11	78
28	decode	2.00349	1.36734	96.4609	210.11	78	210.11	78
29	decode	2.00353	1.43653	101.339	208.918	79	208.918	79
30	decode	2.00357	1.42649	100.628	208.918	79	208.918	79
31	decode	2.00361	1.42315	100.39	208.918	79	208.918	79
32	decode	2.00365	1.39155	98.1574	208.918	79	208.918	79
33	decode	2.00369	1.41413	99.7478	208.918	79	208.918	79
34	decode	2.00373	1.43207	101.01	205.863	79	205.863	79
35	decode	2.00377	1.42869	100.769	205.863	79	205.863	79
36	decode	2.00381	1.43319	101.084	205.863	79	205.863	79
37	decode	2.00385	1.43561	101.251	205.863	79	205.863	79
38	decode	2.00389	1.42748	100.675	205.863	79	205.863	79
39	decode	2.00393	1.43221	101.006	210.442	78	210.442	78
40	decode	2.00397	1.43289	101.051	210.442	78	210.442	78
41	decode	2.00401	1.35145	95.3048	210.442	78	210.442	78
42	decode	2.00405	1.38946	97.9826	210.442	78	210.442	78
43	decode	2.00409	1.42901	100.768	210.442	78	210.442	78
44	decode	2.00413	1.4232	100.356	208.315	78	208.315	78
45	decode	2.00417	1.41863	100.031	208.315	78	208.315	78
46	decode	2.00421	1.42082	100.182	208.315	78	208.315	78
47	decode	2.00425	1.42776	100.669	208.315	78	208.315	78
48	decode	2.00429	1.4226	100.302	208.315	78	208.315	78
49	decode	2.00434	1.42493	100.464	210.11	78	210.11	78
50	decode	2.00438	1.42612	100.545	210.11	78	210.11	78
51	decode	2.00442	1.42804	100.677	210.11	78	210.11	78
52	decode	2.00446	1.42802	100.673	210.11	78	210.11	78
53	decode	2.0045	1.41762	99.9373	210.11	78	210.11	78
54	decode	2.00454	1.4172	99.9045	208.586	78	208.586	78
55	decode	2.00458	1.42367	100.358	208.586	78	208.586	78
56	decode	2.00462	1.42773	100.641	208.586	78	208.586	78
57	decode	2.00466	1.40531	99.0577	208.586	78	208.586	78
58	decode	2.0047	1.4331	101.014	208.586	78	208.586	78
59	decode	2.00474	1.42613	100.52	209.243	78	209.243	78
60	decode	2.00478	1.42947	100.753	209.243	78	209.243	78
61	decode	2.00482	1.4297	100.766	209.243	78	209.243	78
62	decode	2.00486	1.42281	100.277	209.243	78	209.243	78
63	decode	2.0049	1.42698	100.569	209.243	78	209.243	78
64	decode	2.00494	1.42294	100.281	209.514	78	209.514	78
65	decode	2.00498	1.42615	100.504	209.514	78	209.514	78
66	decode	2.00502	1.42818	100.644	209.514	78	209.514	78
67	decode	2.00506	1.42555	100.457	209.514	78	209.514	78
68	decode	2.0051	1.42281	100.26	209.514	78	209.514	78
69	decode	2.00514	1.4151	99.7145	210.056	78.5	210.056	79
70	decode	2.00519	1.42256	100.237	210.056	79	210.056	79
71	decode	2.00523	1.40072	98.6953	210.056	79	210.056	79
72	decode	2.00527	1.41213	99.4969	210.056	79	210.056	79
73	decode	2.00531	1.43194	100.889	210.056	79	210.056	79
74	decode	2.00535	1.41916	99.9863	210.11	79	210.11	79
75	decode	2.00539	1.42407	100.33	210.11	79	210.11	79
76	decode	2.00543	1.41884	99.9577	210.11	79	210.11	79
77	decode	2.00547	1.42597	100.458	210.11	79	210.11	79
78	decode	2.00551	1.40903	99.2615	210.11	79	210.11	79
79	decode	2.00555	1.42408	100.318	207.116	78	207.116	78
80	decode	2.00559	1.42004	100.031	207.116	78	207.116	78
81	decode	2.00563	1.42455	100.346	207.116	78	207.116	78
82	decode	2.00567	1.41513	99.6797	207.116	78	207.116	78
83	decode	2.00571	1.43169	100.843	207.116	78	207.116	78
84	decode	2.00575	1.4212	100.102	210.442	78	210.442	78
85	decode	2.00579	1.42042	100.044	210.442	78	210.442	78
86	decode	2.00583	1.41347	99.5515	210.442	78	210.442	78
87	decode	2.00587	1.4347	101.044	210.442	78	210.442	78
88	decode	2.00591	1.41987	99.9969	210.442	78	210.442	78
89	decode	2.00595	1.43026	100.726	211.256	79	211.256	79
90	decode	2.00599	1.41527	99.6669	211.256	79	211.256	79
91	decode	2.00604	1.41894	99.9228	211.256	79	211.256	79
92	decode	2.00608	1.41894	99.9199	211.256	79	211.256	79
93	decode	2.00612	1.4213	100.083	211.256	79	211.256	79
94	decode	2.00616	1.41314	99.506	212.237	79	212.237	79
95	decode	2.0062	1.43029	100.71	212.237	79	212.237	79
96	decode	2.00624	1.4211	100.06	212.237	79	212.237	79
97	decode	2.00628	1.42778	100.528	212.237	79	212.237	79
98	decode	2.00632	1.41754	99.8043	212.237	79	212.237	79
99	decode	2.00636	1.42507	100.332	210.66	79	210.66	79
100	decode	2.0064	1.42026	99.99	210.66	79	210.66	79
101	decode	2.00644	1.43005	100.677	210.66	79	210.66	79
102	decode	2.00648	1.41349	99.508	210.66	79	210.66	79
103	decode	2.00652	1.42671	100.436	210.66	79	210.66	79
104	decode	2.00656	1.41733	99.7729	209.514	79	209.514	79
105	decode	2.0066	1.42765	100.496	209.514	79	209.514	79
106	decode	2.00664	1.416	99.6732	209.514	79	209.514	79
107	decode	2.00668	1.43103	100.728	209.514	79	209.514	79
108	decode	2.00672	1.42385	100.22	209.514	79	209.514	79
109	decode	2.00676	1.42587	100.36	210.11	79	210.11	79
110	decode	2.0068	1.41648	99.6958	210.11	79	210.11	79
111	decode	2.00684	1.42916	100.586	210.11	79	210.11	79
112	decode	2.00688	1.42464	100.264	210.11	79	210.11	79
113	decode	2.00692	1.41401	99.5135	210.11	79	210.11	79
114	decode	2.00697	1.40574	98.9284	209.514	79	209.514	79
115	decode	2.00701	1.42926	100.581	209.514	79	209.514	79
116	decode	2.00705	1.42202	100.069	209.514	79	209.514	79
117	decode	2.00709	1.43149	100.732	209.514	79	209.514	79
118	decode	2.00713	1.42101	99.9919	209.514	79	209.514	79
119	decode	2.00717	1.43208	100.768	211.582	79	211.582	79
120	decode	2.00721	1.42243	100.086	211.582	79	211.582	79
121	decode	2.00725	1.42892	100.54	211.582	79	211.582	79
122	decode	2.00729	1.41972	99.8901	211.582	79	211.582	79
123	decode	2.00733	1.42378	100.173	211.582	79	211.582	79
124	decode	2.00737	1.42371	100.165	212.833	79	212.833	79
125	decode	2.00741	1.41948	99.865	212.833	79	212.833	79
126	decode	2.00745	1.41837	99.7841	212.833	79	212.833	79
127	decode	2.00749	1.43123	100.686	212.833	79	212.833	79
128	decode	2.00753	1.41698	99.6806	212.697	79	212.833	79
129	decode	2.00757	1.42993	100.589	212.562	79	212.562	79
130	decode	2.00761	1.41651	99.6418	212.562	79	212.562	79
131	decode	2.00765	1.4232	100.11	212.562	79	212.562	79
132	decode	2.00769	1.4178	99.7268	212.562	79	212.562	79
133	decode	2.00773	1.42618	100.314	210.903	79	212.562	79
134	decode	2.00777	1.42246	100.049	209.243	79	209.243	79
135	decode	2.00781	1.42398	100.153	209.243	79	209.243	79
136	decode	2.00785	1.41817	99.7416	209.243	79	209.243	79
137	decode	2.0079	1.42998	100.569	209.243	79	209.243	79
138	decode	2.00794	1.41479	99.4979	210.442	79	211.641	79
139	decode	2.00798	1.42266	100.049	211.641	79	211.641	79
140	decode	2.00802	1.41771	99.698	211.641	79	211.641	79
141	decode	2.00806	1.42802	100.42	211.641	79	211.641	79
142	decode	2.0081	1.41386	99.4217	211.641	79	211.641	79
143	decode	2.00814	1.42502	100.204	212.237	79	212.833	79
144	decode	2.00818	1.41994	99.8434	212.833	79	212.833	79
145	decode	2.00822	1.42362	100.099	212.833	79	212.833	79
146	decode	2.00826	1.42037	99.8684	212.833	79	212.833	79
147	decode	2.0083	1.42087	99.9002	212.833	79	212.833	79
148	decode	2.00834	1.40212	98.5791	212.098	79	212.833	79
149	decode	2.00838	1.42269	100.023	211.363	79	211.363	79
150	decode	2.00842	1.4196	99.8027	211.363	79	211.363	79
151	decode	2.00846	1.4203	99.8492	211.363	79	211.363	79
152	decode	2.0085	1.41515	99.4841	211.363	79	211.363	79
153	decode	2.00854	1.42453	100.141	210.303	79	211.363	79
154	decode	2.00858	1.41251	99.293	209.243	79	209.243	79
155	decode	2.00862	1.42953	100.486	209.243	79	209.243	79
156	decode	2.00866	1.4225	99.9896	209.243	79	209.243	79
157	decode	2.0087	1.42737	100.329	209.243	79	209.243	79
158	decode	2.00874	1.41401	99.3875	210.303	79	211.363	79
159	decode	2.00878	1.42645	100.259	211.363	79	211.363	79
160	decode	2.00882	1.42219	99.9569	211.363	79	211.363	79
161	decode	2.00887	1.42883	100.42	211.363	79	211.363	79
162	decode	2.00891	1.42126	99.8856	211.363	79	211.363	79
163	decode	2.00895	1.42464	100.121	210.903	79	211.363	79
164	decode	2.00899	1.42175	99.9146	210.442	79	210.442	79
165	decode	2.00903	1.4244	100.098	210.442	79	210.442	79
166	decode	2.00907	1.41921	99.73	210.442	79	210.442	79
167	decode	2.00911	1.42896	100.412	210.442	79	210.442	79
168	decode	2.00915	1.41436	99.3838	210.442	79	210.442	79
169	decode	2.00919	1.42258	99.9583	219.207	80	219.207	80
170	decode	2.00923	1.42162	99.8886	219.207	80	219.207	80
171	decode	2.00927	1.42441	100.082	219.207	80	219.207	80
172	decode	2.00931	1.42217	99.9216	219.207	80	219.207	80
173	decode	2.00935	1.42865	100.374	219.207	80	219.207	80
174	decode	2.00939	1.41733	99.5755	211.256	80	211.256	80
175	decode	2.00943	1.4315	100.569	211.256	80	211.256	80
176	decode	2.00947	1.42433	100.062	211.256	80	211.256	80
177	decode	2.00951	1.42638	100.203	211.256	80	211.256	80
178	decode	2.00955	1.41376	99.3133	211.256	80	211.256	80
179	decode	2.00959	1.42473	100.081	220.136	80	220.136	80
180	decode	2.00963	1.41658	99.5064	220.136	80	220.136	80
181	decode	2.00967	1.42461	100.067	220.136	80	220.136	80
182	decode	2.00971	1.42057	99.7809	220.136	80	220.136	80
183	decode	2.00975	1.4278	100.286	219.072	80	220.136	80
184	decode	2.00979	1.4187	99.6436	218.008	80	218.008	80
185	decode	2.00983	1.3829	97.1264	218.008	80	218.008	80
186	decode	2.00988	1.40967	99.0041	218.008	80	218.008	80
187	decode	2.00992	1.42008	99.7323	218.008	80	218.008	80
188	decode	2.00996	1.41785	99.5731	215.749	80	218.008	80
189	decode	2.01	1.42334	99.9558	213.49	80	213.49	80
190	decode	2.01004	1.42101	99.7894	213.49	80	213.49	80
191	decode	2.01008	1.42726	100.225	213.49	80	213.49	80
192	decode	2.01012	1.41399	99.2908	213.49	80	213.49	80
193	decode	2.01016	1.42644	100.162	212.211	80	213.49	80
194	decode	2.0102	1.41584	99.4147	210.931	80	210.931	80
195	decode	2.01024	1.4252	100.069	210.931	80	210.931	80
196	decode	2.01028	1.41472	99.3309	210.931	80	210.931	80
197	decode	2.01032	1.42895	100.327	210.931	80	210.931	80
198	decode	2.01036	1.41683	99.4729	212.159	80	213.386	80
199	decode	2.0104	1.37133	96.2763	213.386	80	213.386	80
200	decode	2.01044	1.41989	99.6821	213.386	80	213.386	80
201	decode	2.01048	1.42706	100.183	213.386	80	213.386	80
202	decode	2.01052	1.42368	99.943	213.386	80	213.386	80
203	decode	2.01056	1.42827	100.262	212.811	80	213.386	80
204	decode	2.0106	1.40108	98.3509	212.237	80	212.237	80
205	decode	2.01064	1.42846	100.27	212.237	80	212.237	80
206	decode	2.01068	1.41994	99.669	212.237	80	212.237	80
207	decode	2.01072	1.43181	100.5	212.237	80	212.237	80
208	decode	2.01076	1.42314	99.8883	213.71	80	215.183	80
209	decode	2.0108	1.42555	100.054	215.183	80	215.183	80
210	decode	2.01084	1.41818	99.534	215.183	80	215.183	80
211	decode	2.01088	1.42895	100.288	215.183	80	215.183	80
212	decode	2.01093	1.42562	100.051	215.183	80	215.183	80
213	decode	2.01097	1.42857	100.255	214.582	80	215.183	80
214	decode	2.01101	1.42763	100.186	213.982	80	213.982	80
215	decode	2.01105	1.43001	100.351	213.982	80	213.982	80
216	decode	2.01109	1.42403	99.928	213.982	80	213.982	80
217	decode	2.01113	1.43123	100.431	213.982	80	213.982	80
218	decode	2.01117	1.42043	99.6699	213.084	80	213.982	80
219	decode	2.01121	1.43247	100.512	212.186	80	212.186	80
220	decode	2.01125	1.42548	100.019	212.186	80	212.186	80
221	decode	2.01129	1.42753	100.16	212.186	80	212.186	80
222	decode	2.01133	1.41844	99.5189	212.186	80	212.186	80
223	decode	2.01137	1.43048	100.361	212.076	80	212.186	80
224	decode	2.01141	1.42396	99.9003	211.966	80	211.966	80
225	decode	2.01145	1.42749	100.145	211.966	80	211.966	80
226	decode	2.01149	1.42892	100.243	211.966	80	211.966	80
227	decode	2.01153	1.42825	100.193	211.966	80	211.966	80
228	decode	2.01157	1.42521	99.977	213.904	80	215.841	80
229	decode	2.01161	1.43004	100.313	215.841	80	215.841	80
230	decode	2.01165	1.41361	99.158	215.841	80	215.841	80
231	decode	2.01169	1.4144	99.2105	215.841	80	215.841	80
232	decode	2.01173	1.38272	96.9858	215.841	80	215.841	80
233	decode	2.01177	1.43134	100.393	214.202	80	215.841	80
234	decode	2.01181	1.41664	99.3591	212.562	80	212.562	80
235	decode	2.01185	1.43167	100.411	212.562	80	212.562	80
236	decode	2.01189	1.42052	99.6259	212.562	80	212.562	80
237	decode	2.01193	1.42307	99.8019	212.562	80	212.562	80
238	decode	2.01197	1.42083	99.6418	214.96	80	214.96	80
239	decode	2.01202	1.42064	99.6255	214.96	80	214.96	80
240	decode	2.01206	1.42406	99.8626	214.96	80	214.96	80
241	decode	2.0121	1.43129	100.367	214.96	80	214.96	80
242	decode	2.01214	1.42046	99.6047	214.96	80	214.96	80
243	decode	2.01218	1.42592	99.9849	214.586	80	214.586	80
244	decode	2.01222	1.42191	99.7003	214.586	80	214.586	80
245	decode	2.01226	1.42633	100.008	214.586	80	214.586	80
246	decode	2.0123	1.42216	99.7126	214.586	80	214.586	80
247	decode	2.01234	1.42293	99.7636	214.586	80	214.586	80
248	decode	2.01238	1.41768	99.3927	215.285	81	215.285	81
249	decode	2.01242	1.4186	99.4548	215.285	81	215.285	81
250	decode	2.01246	1.41489	99.1918	215.285	81	215.285	81
251	decode	2.0125	1.42616	99.9792	215.285	81	215.285	81
252	decode	2.01254	1.41874	99.4557	215.285	81	215.285	81
253	decode	2.01258	1.42647	99.9953	213.711	81	213.711	81
254	decode	2.01262	1.42213	99.6879	213.711	81	213.711	81
255	decode	2.01266	1.42712	100.035	213.711	81	213.711	81
