0	prefill	403.78	9.76663	1605.08	15.5561	91.4783	18.186	95
1	decode	4.01315	0.307474	42.3668	18.186	59.5	18.977	75
2	decode	4.01326	0.318309	43.8572	16.8023	54.6667	17.395	57
3	decode	4.01337	0.324143	44.6587	15.6165	55.6667	15.814	58
4	decode	4.01348	0.326654	45.0023	14.7597	57.5	15.023	59
5	decode	4.01359	0.339974	46.8347	14.1757	65.2857	14.628	87
6	decode	4.0137	0.347014	47.8019	13.579	61.6667	13.843	63
7	decode	4.01381	0.348424	47.9936	13.2213	65.4286	13.447	81
8	decode	4.01391	0.328207	45.2064	12.8257	61.4286	13.052	87
9	decode	4.01402	0.335561	46.2168	12.5902	60.1667	12.656	63
10	decode	4.01413	0.337603	46.4956	12.261	63.8571	12.261	84
11	decode	4.01424	0.341314	47.0041	12.2037	64	12.261	78
12	decode	4.01435	0.341771	47.0644	11.865	65.7143	11.865	87
13	decode	4.01445	0.336456	46.33	11.865	61	11.865	65
14	decode	4.01456	0.333503	45.921	11.865	59.6667	11.865	63
15	decode	4.01467	0.342405	47.1441	11.47	61.6667	11.47	65
16	decode	4.01478	0.333003	45.8471	11.47	62.8571	11.47	88
17	decode	4.01489	0.355013	48.8748	11.4657	66	11.47	86
18	decode	4.015	0.345373	47.5451	11.465	63.7143	11.465	78
19	decode	4.0151	0.34822	47.9344	11.465	66.1429	11.465	85
20	decode	4.01521	0.356436	49.0626	11.465	65	11.465	73
21	decode	4.01532	0.354847	48.8413	11.465	69	11.465	82
22	decode	4.01543	0.352203	48.4748	11.4667	63.1667	11.47	66
23	decode	4.01554	0.348246	47.9275	11.4671	66.2857	11.47	88
24	decode	4.01565	0.359142	49.4244	11.465	65.8333	11.465	77
25	decode	4.01575	0.366453	50.4279	11.5308	68.5	11.86	88
26	decode	4.01586	0.34654	47.685	11.5333	64.3333	11.86	86
27	decode	4.01597	0.350494	48.2265	11.7325	65	11.865	76
28	decode	4.01608	0.361106	49.684	11.5342	63.8333	11.86	68
29	decode	4.01619	0.357162	49.1387	11.795	65	11.865	67
30	decode	4.01629	0.364662	50.1679	11.8621	70.2857	11.865	88
31	decode	4.0164	0.343176	47.2093	11.865	60	11.865	65
32	decode	4.01651	0.364023	50.0745	11.865	67.1667	11.865	84
33	decode	4.01662	0.365544	50.281	11.865	68.5	11.865	85
34	decode	4.01673	0.365489	50.2707	11.865	67.8333	11.865	80
35	decode	4.01684	0.362747	49.8909	11.865	67.1667	11.865	80
36	decode	4.01694	0.359362	49.4226	11.865	64.8333	11.865	67
37	decode	4.01705	0.356367	49.0081	11.865	65.8333	11.865	78
38	decode	4.01716	0.366872	50.4501	11.865	68	11.865	81
39	decode	4.01727	0.359793	49.4738	11.8642	67.1667	11.865	79
40	decode	4.01738	0.351519	48.3335	11.865	62.8333	11.865	68
41	decode	4.01748	0.365389	50.238	11.865	70.2857	11.865	81
42	decode	4.01759	0.34971	48.0796	11.865	62	11.865	66
43	decode	4.0177	0.354551	48.7426	11.865	69	11.865	88
44	decode	4.01781	0.352596	48.4711	11.865	64.5	11.865	67
45	decode	4.01792	0.356583	49.0166	11.865	69.1429	11.865	87
46	decode	4.01803	0.346277	47.5973	11.865	61.6667	11.865	65
47	decode	4.01813	0.345807	47.5301	11.865	65.5714	11.865	82
48	decode	4.01824	0.345487	47.4836	11.865	64.2857	11.865	84
49	decode	4.01835	0.340579	46.8066	11.865	65.1429	11.865	87
50	decode	4.01846	0.346915	47.6747	11.865	64.4286	11.865	81
51	decode	4.01857	0.350637	48.1836	11.865	66	11.865	86
52	decode	4.01867	0.332021	45.623	11.6957	61.8571	11.865	83
53	decode	4.01878	0.307576	42.2616	11.5194	58.375	11.865	87
54	decode	4.01889	0.337748	46.4049	11.47	60.3333	11.47	64
55	decode	4.019	0.339778	46.6812	11.47	60.3333	11.47	64
56	decode	4.01911	0.342866	47.1031	11.47	60	11.47	65
57	decode	4.01921	0.346498	47.5994	11.47	65.5714	11.47	86
58	decode	4.01932	0.348448	47.8647	11.4679	66.2857	11.47	87
59	decode	4.01943	0.345872	47.5082	11.465	65.1429	11.465	78
60	decode	4.01954	0.337171	46.3106	11.465	63.4286	11.465	83
61	decode	4.01965	0.346959	47.6525	11.4683	62	11.47	64
62	decode	4.01975	0.348789	47.9012	11.4664	65.4286	11.47	86
63	decode	4.01986	0.343615	47.188	11.465	64.8571	11.465	81
64	decode	4.01997	0.328313	45.0842	11.465	62.8571	11.465	87
65	decode	4.02008	0.329391	45.2298	11.47	63.4286	11.47	83
66	decode	4.02019	0.324975	44.6211	11.47	58.5	11.47	64
67	decode	4.02029	0.338259	46.4425	11.47	60	11.47	64
68	decode	4.0204	0.348474	47.8424	11.47	65.2857	11.47	85
69	decode	4.02051	0.348735	47.8757	11.47	65.8571	11.47	86
70	decode	4.02062	0.347494	47.7027	11.47	65.7143	11.47	82
71	decode	4.02073	0.330211	45.3278	11.47	65	11.47	85
72	decode	4.02083	0.33442	45.903	11.47	58.8333	11.47	62
73	decode	4.02094	0.338905	46.5162	11.47	62.3333	11.47	65
74	decode	4.02105	0.341858	46.9189	11.47	61.3333	11.47	63
75	decode	4.02116	0.345221	47.378	11.4693	66	11.47	87
76	decode	4.02127	0.349082	47.9053	11.4693	66.2857	11.47	87
77	decode	4.02137	0.348438	47.8142	11.4686	66	11.47	88
78	decode	4.02148	0.350519	48.0972	11.5264	66.2857	11.865	88
79	decode	4.02159	0.353092	48.4476	11.865	66.5714	11.865	85
80	decode	4.0217	0.333745	45.7906	11.5829	60	11.865	64
81	decode	4.02181	0.35002	48.021	11.865	63.3333	11.865	64
82	decode	4.02191	0.351751	48.2558	11.8614	66.5714	11.865	82
83	decode	4.02202	0.348557	47.8151	11.86	67	11.86	87
84	decode	4.02213	0.341524	46.8478	11.86	63.5714	11.86	82
85	decode	4.02224	0.33392	45.8023	11.86	62.1429	11.86	73
86	decode	4.02234	0.34562	47.4045	11.86	65.8571	11.86	85
87	decode	4.02245	0.334718	45.9068	11.86	63.4286	11.86	87
88	decode	4.02256	0.344179	47.2018	11.8608	62.3333	11.865	64
89	decode	4.02267	0.343777	47.1441	11.7521	65.5714	11.865	87
90	decode	4.02278	0.335046	45.9444	11.6675	61	11.865	64
91	decode	4.02288	0.353895	48.5264	11.7317	63.1667	11.865	66
92	decode	4.02299	0.348801	47.8253	11.86	65.7143	11.86	84
93	decode	4.0231	0.360166	49.381	11.8608	67.6667	11.865	82
94	decode	4.02321	0.35175	48.2245	11.86	67.4286	11.86	88
95	decode	4.02331	0.348835	47.8223	11.86	66.2857	11.86	73
96	decode	4.02342	0.334879	45.9065	11.86	60.5	11.86	64
97	decode	4.02353	0.343443	47.078	11.8629	65	11.865	80
98	decode	4.02364	0.3479	47.6864	11.865	66.1429	11.865	87
99	decode	4.02375	0.334663	45.8695	11.865	64.2857	11.865	87
100	decode	4.02385	0.343118	47.0259	11.865	66.5714	11.865	87
101	decode	4.02396	0.333761	45.741	11.865	60.3333	11.865	63
102	decode	4.02407	0.337207	46.2107	11.865	64	11.865	86
103	decode	4.02418	0.347431	47.6093	11.865	62.8333	11.865	65
104	decode	4.02428	0.330877	45.3384	11.8629	63.1429	11.865	88
105	decode	4.02439	0.340213	46.6152	11.8643	64	11.865	87
106	decode	4.0245	0.350957	48.0847	11.8607	66.7143	11.865	88
107	decode	4.02461	0.352636	48.3121	11.86	67.1429	11.86	88
108	decode	4.02472	0.348783	47.7816	11.86	62.8333	11.86	66
109	decode	4.02482	0.339472	46.5037	11.86	61	11.86	65
110	decode	4.02493	0.340487	46.6402	11.86	64.2857	11.86	87
111	decode	4.02504	0.347162	47.552	11.86	65.1429	11.86	83
112	decode	4.02515	0.337723	46.2565	11.86	63.5714	11.86	83
113	decode	4.02525	0.340801	46.6755	11.86	65.4286	11.86	86
114	decode	4.02536	0.34286	46.955	11.86	61.6667	11.86	63
115	decode	4.02547	0.337587	46.2305	11.8629	64.5714	11.865	87
116	decode	4.02558	0.339239	46.4541	11.865	61	11.865	65
117	decode	4.02569	0.345127	47.2579	11.8621	66.2857	11.865	86
118	decode	4.02579	0.349907	47.9098	11.8643	66.8571	11.865	88
119	decode	4.0259	0.34221	46.8535	11.8607	67	11.865	85
120	decode	4.02601	0.33754	46.2116	11.8633	59	11.865	61
121	decode	4.02612	0.340959	46.6771	11.8643	63.8571	11.865	81
122	decode	4.02622	0.334457	45.7845	11.8607	63.4286	11.865	80
123	decode	4.02633	0.346492	47.4295	11.8621	66.1429	11.865	86
124	decode	4.02644	0.336909	46.1152	11.8636	62.8571	11.865	83
125	decode	4.02655	0.337661	46.2156	11.805	63.7143	11.865	87
126	decode	4.02665	0.336236	46.0181	11.8036	63.7143	11.86	88
127	decode	4.02676	0.339403	46.4491	11.8633	62.1667	11.865	64
128	decode	4.02687	0.345324	47.257	11.8643	65.1429	11.865	86
129	decode	4.02698	0.350785	48.0016	11.865	66.2857	11.865	85
130	decode	4.02708	0.353014	48.304	11.865	67.4286	11.865	87
131	decode	4.02719	0.354381	48.4885	11.865	64.5	11.865	67
132	decode	4.0273	0.331861	45.4047	11.865	62.8333	11.865	80
133	decode	4.02741	0.34996	47.8785	11.865	64.1667	11.865	65
134	decode	4.02752	0.343181	46.9485	11.8636	65.8571	11.865	82
135	decode	4.02762	0.332526	45.4884	11.8621	62.4286	11.865	80
136	decode	4.02773	0.342554	46.8576	11.8642	61.5	11.865	65
137	decode	4.02784	0.342293	46.8194	11.86	66.1429	11.86	88
138	decode	4.02795	0.345065	47.196	11.86	65.7143	11.86	84
139	decode	4.02805	0.346139	47.3403	11.86	66.1429	11.86	87
140	decode	4.02816	0.344438	47.1053	11.86	65.8571	11.86	87
141	decode	4.02827	0.350704	47.9596	11.86	68.7143	11.86	85
142	decode	4.02838	0.349495	47.7917	11.86	62.6667	11.86	64
143	decode	4.02848	0.350188	47.8838	11.8636	66.4286	11.865	84
144	decode	4.02859	0.330646	45.2093	11.8636	61.7143	11.865	83
145	decode	4.0287	0.341006	46.6233	11.8629	65.2857	11.865	88
146	decode	4.02881	0.348285	47.616	11.8636	66.4286	11.865	88
147	decode	4.02891	0.347029	47.4417	11.8607	66.8571	11.865	87
148	decode	4.02902	0.347583	47.5148	11.8642	62.1667	11.865	64
149	decode	4.02913	0.342981	46.8833	11.8614	65.8571	11.865	88
150	decode	4.02924	0.349174	47.7272	11.8614	66.1429	11.865	85
151	decode	4.02934	0.346361	47.3402	11.8621	66.2857	11.865	85
152	decode	4.02945	0.330706	45.198	11.86	58.6667	11.86	65
153	decode	4.02956	0.334086	45.6576	11.86	60.1667	11.86	63
154	decode	4.02967	0.348704	47.6528	11.86	65.1429	11.86	79
155	decode	4.02977	0.349513	47.7608	11.86	66.1429	11.86	82
156	decode	4.02988	0.34924	47.7209	11.86	66.4286	11.86	83
157	decode	4.02999	0.35056	47.8987	11.86	68.2857	11.86	79
158	decode	4.0301	0.343757	46.9666	11.86	62.3333	11.86	65
159	decode	4.0302	0.346553	47.3461	11.86	67.1429	11.86	87
160	decode	4.03031	0.33537	45.8158	11.86	64.2857	11.86	88
161	decode	4.03042	0.345244	47.1622	11.8614	66	11.865	85
162	decode	4.03053	0.346957	47.3936	11.8607	66.7143	11.865	83
163	decode	4.03063	0.346789	47.3682	11.86	66.8571	11.86	88
164	decode	4.03074	0.341223	46.6054	11.86	61.8333	11.86	68
165	decode	4.03085	0.344855	47.0989	11.86	62.1667	11.86	65
166	decode	4.03095	0.339695	46.3917	11.86	63.5714	11.86	71
167	decode	4.03106	0.350194	47.8229	11.86	66.2857	11.86	79
168	decode	4.03117	0.335056	45.7533	11.86	63.8571	11.86	86
169	decode	4.03128	0.349038	47.66	11.86	63.3333	11.86	65
170	decode	4.03138	0.349216	47.6817	11.86	64.8571	11.86	76
171	decode	4.03149	0.347926	47.5031	11.86	67.1429	11.86	88
172	decode	4.0316	0.290863	39.71	11.8613	55.75	11.865	83
173	decode	4.03171	0.319795	43.6575	11.8606	63	11.865	81
174	decode	4.03181	0.320695	43.778	11.8642	57	11.865	61
175	decode	4.03192	0.335709	45.8252	11.865	61.3333	11.865	63
176	decode	4.03203	0.331763	45.2842	11.865	63.8571	11.865	87
177	decode	4.03214	0.337873	46.1156	11.8614	64.2857	11.865	80
178	decode	4.03224	0.342914	46.8012	11.86	64.5714	11.86	81
179	decode	4.03235	0.346087	47.2317	11.8621	65.7143	11.865	88
180	decode	4.03246	0.338209	46.154	11.8629	65.2857	11.865	82
181	decode	4.03256	0.338556	46.1989	11.86	65	11.86	88
182	decode	4.03267	0.339221	46.2872	11.86	63.5714	11.86	89
183	decode	4.03278	0.334462	45.6354	11.86	64.1429	11.86	86
184	decode	4.03289	0.336146	45.8627	11.86	63.1429	11.86	84
185	decode	4.03299	0.345379	47.1199	11.86	66.1429	11.86	86
186	decode	4.0331	0.349014	47.6133	11.86	65.8571	11.86	87
187	decode	4.03321	0.351885	48.0023	11.86	67.7143	11.86	88
188	decode	4.03332	0.346241	47.2299	11.86	65	11.86	85
189	decode	4.03342	0.344835	47.0356	11.8607	66.5714	11.865	86
190	decode	4.03353	0.343684	46.876	11.8621	64.1429	11.865	79
191	decode	4.03364	0.34323	46.8116	11.86	63	11.86	66
192	decode	4.03375	0.345399	47.105	11.86	65.2857	11.86	84
193	decode	4.03385	0.345357	47.0967	11.86	65.5714	11.86	79
194	decode	4.03396	0.335397	45.736	11.86	61.6667	11.86	63
195	decode	4.03407	0.332344	45.3172	11.8607	64.5714	11.865	87
196	decode	4.03417	0.343321	46.8115	11.86	62.3333	11.86	66
197	decode	4.03428	0.332622	45.3502	11.8607	64.5714	11.865	88
198	decode	4.03439	0.329868	44.9723	11.8636	64.7143	11.865	88
199	decode	4.0345	0.35068	47.8071	11.8643	67.1429	11.865	85
200	decode	4.0346	0.334676	45.623	11.8643	62.1429	11.865	80
201	decode	4.03471	0.352327	48.0265	11.8607	67.8571	11.865	87
202	decode	4.03482	0.34802	47.437	12.0863	67	12.256	87
203	decode	4.03492	0.364636	49.6992	12.1994	73.2857	12.256	88
204	decode	4.03503	0.351726	47.937	12.1925	64.6667	12.261	68
205	decode	4.03514	0.361613	49.2819	12.256	70.2857	12.256	83
206	decode	4.03525	0.355195	48.4045	12.256	66.6667	12.256	69
207	decode	4.03535	0.356596	48.5929	12.256	68.5714	12.256	88
208	decode	4.03546	0.340036	46.3338	12.256	65.1429	12.256	87
209	decode	4.03557	0.358447	48.8398	12.256	69.1429	12.256	88
210	decode	4.03567	0.362842	49.4361	12.256	67	12.256	72
211	decode	4.03578	0.359227	48.9409	12.2546	69.5714	12.256	88
212	decode	4.03589	0.359533	48.98	12.256	69.8571	12.256	84
213	decode	4.036	0.364937	49.7134	12.256	67.5	12.256	70
214	decode	4.0361	0.358962	48.8969	12.256	68.5	12.256	83
215	decode	4.03621	0.366698	49.948	12.256	69.6667	12.256	82
216	decode	4.03632	0.351754	47.91	12.256	64	12.256	68
217	decode	4.03642	0.349396	47.5863	12.256	66.2857	12.256	88
218	decode	4.03653	0.349635	47.6162	12.2589	67.1429	12.261	89
219	decode	4.03664	0.344674	46.9382	12.2574	66.8571	12.261	86
220	decode	4.03675	0.349235	47.5566	12.2581	66	12.261	79
221	decode	4.03685	0.344003	46.8418	12.256	65.8571	12.256	77
222	decode	4.03696	0.33821	46.0504	12.256	63.7143	12.256	81
223	decode	4.03707	0.34353	46.7722	12.2567	66.4286	12.261	81
224	decode	4.03717	0.338494	46.0841	12.256	64	12.256	86
225	decode	4.03728	0.341034	46.4275	12.256	66.5714	12.256	87
226	decode	4.03739	0.338597	46.0932	12.256	64.1429	12.256	77
227	decode	4.0375	0.34209	46.5663	12.2574	66.1429	12.261	82
228	decode	4.0376	0.339819	46.2547	12.2593	60.8333	12.261	63
229	decode	4.03771	0.346954	47.2233	12.261	67.1429	12.261	83
230	decode	4.03782	0.344128	46.8362	12.261	66	12.261	83
231	decode	4.03792	0.33739	45.9166	12.261	65	12.261	83
232	decode	4.03803	0.337911	45.9851	12.261	65.5714	12.261	89
233	decode	4.03814	0.332893	45.2998	12.261	64.5714	12.261	83
234	decode	4.03824	0.337028	45.86	12.261	61.5	12.261	65
235	decode	4.03835	0.333468	45.3732	12.261	65.1429	12.261	89
236	decode	4.03846	0.334538	45.5163	12.129	60.6667	12.261	65
237	decode	4.03857	0.354564	48.2384	12.087	67.2857	12.261	80
238	decode	4.03867	0.35068	47.7075	12.261	66.4286	12.261	81
239	decode	4.03878	0.35385	48.1361	12.2581	67.8571	12.261	83
240	decode	4.03889	0.35209	47.8941	12.256	67.4286	12.256	89
241	decode	4.03899	0.349446	47.532	12.2568	63.8333	12.261	65
242	decode	4.0391	0.344889	46.9096	12.2581	66.7143	12.261	89
243	decode	4.03921	0.349436	47.5255	12.256	65	12.256	67
244	decode	4.03931	0.342099	46.5251	12.256	63.6667	12.256	68
245	decode	4.03942	0.343074	46.6553	12.2603	66.5714	12.261	87
246	decode	4.03953	0.336374	45.7417	12.2567	65.1429	12.261	89
247	decode	4.03963	0.340908	46.3558	12.2568	63.5	12.261	67
248	decode	4.03974	0.340539	46.3031	12.261	62	12.261	64
249	decode	4.03985	0.347826	47.2914	12.2589	67	12.261	84
250	decode	4.03996	0.341712	46.4575	12.256	62.8333	12.256	66
251	decode	4.04006	0.347494	47.2412	12.256	67.8571	12.256	88
252	decode	4.04017	0.341882	46.4758	12.2567	64.7143	12.261	80
253	decode	4.04028	0.335634	45.6239	12.2589	64.2857	12.261	88
254	decode	4.04038	0.334374	45.4502	12.2574	64.7143	12.261	87
255	decode	4.04049	0.340996	46.3478	12.2581	66.7143	12.261	84
