0	prefill	297.495	31.8916	2279.15	17.6829	95.5455	21.349	97
1	decode	4	0.578164	38.4117	20.8877	95.1667	21.744	97
2	decode	4	0.574767	38.1846	19.2593	95.1429	19.768	97
3	decode	4	0.576997	38.3315	17.7907	94.6667	18.186	97
4	decode	4	0.579206	38.4769	16.8871	95	17.395	97
5	decode	4	0.579467	38.4929	16.0397	93	16.209	97
6	decode	4	0.576954	38.3246	15.5319	94.5714	15.814	96
7	decode	4	0.58263	38.7003	15.023	92.6667	15.023	97
8	decode	4	0.579368	38.4823	14.628	95.2857	14.628	96
9	decode	4	0.5731	38.0646	14.232	92.7143	14.232	97
10	decode	4	0.58193	38.6497	13.9499	93.7143	14.232	97
11	decode	4	0.579493	38.4866	13.837	94.5	13.837	97
12	decode	4	0.57475	38.1702	13.837	95.6667	13.837	97
13	decode	4	0.577283	38.3371	13.837	94.3333	13.837	97
14	decode	4	0.577926	38.3785	13.4984	95.2857	13.837	97
15	decode	4	0.579346	38.4714	13.442	92.5714	13.442	97
16	decode	4	0.581443	38.6093	13.442	94.6667	13.442	97
17	decode	4	0.578554	38.4161	13.442	95.1667	13.442	97
18	decode	4	0.575857	38.2357	13.442	93.2857	13.442	97
19	decode	4	0.575972	38.242	13.442	92.4286	13.442	97
20	decode	4	0.57915	38.4517	13.442	93.7143	13.442	97
21	decode	4	0.581095	38.5795	13.442	93	13.442	97
22	decode	4	0.573554	38.0775	13.442	94.6667	13.442	96
23	decode	4	0.578898	38.431	13.442	95.5	13.442	97
24	decode	4	0.580205	38.5164	13.442	95.3333	13.442	97
25	decode	4	0.577311	38.323	13.442	95.6667	13.442	97
26	decode	4	0.57816	38.378	13.442	95.5714	13.442	97
27	decode	4	0.572174	37.9793	13.442	94.8571	13.442	97
28	decode	4	0.571297	37.9198	13.442	95.5714	13.442	97
29	decode	4	0.5745	38.131	13.442	94.5714	13.442	97
30	decode	4	0.576174	38.2408	13.442	92.7143	13.442	97
31	decode	4	0.57513	38.1702	13.442	95	13.442	97
32	decode	4	0.5743	38.1138	13.442	95.4286	13.442	97
33	decode	4	0.576069	38.2299	13.442	93.6667	13.442	97
34	decode	4	0.573593	38.0642	13.442	95.5	13.442	97
35	decode	4	0.577104	38.2959	13.442	95.4286	13.442	97
36	decode	4	0.582809	38.6731	13.442	95	13.442	97
37	decode	4	0.578889	38.4117	13.442	95.3333	13.442	97
38	decode	4	0.575444	38.1818	13.442	93	13.442	97
39	decode	4	0.580881	38.5412	13.442	94.5714	13.442	97
40	decode	4	0.57645	38.2458	13.442	95.1667	13.442	97
41	decode	4	0.575199	38.1615	13.442	93	13.442	97
42	decode	4	0.579257	38.4294	13.442	94.5	13.442	97
43	decode	4	0.578223	38.3594	13.4445	95.3333	13.447	97
44	decode	4	0.576925	38.272	13.442	92.8333	13.442	97
45	decode	4	0.583885	38.7324	13.442	95.5	13.442	97
46	decode	4	0.580559	38.5104	13.442	93	13.442	97
47	decode	4	0.5783	38.3592	13.442	93.1429	13.442	97
48	decode	4	0.580086	38.4764	13.442	94.6667	13.442	97
49	decode	4	0.576765	38.2547	13.442	95	13.442	97
50	decode	4	0.575501	38.1696	13.442	94.5714	13.442	97
51	decode	4	0.579981	38.4654	13.442	93.1429	13.442	97
52	decode	4	0.57637	38.2246	13.442	95.1667	13.442	97
53	decode	4	0.580033	38.4661	13.442	96	13.442	97
54	decode	4	0.577278	38.2821	13.442	94.5714	13.442	97
55	decode	4	0.580881	38.5197	13.442	96	13.442	97
56	decode	4	0.581395	38.5524	13.442	93.5714	13.442	97
57	decode	4	0.579549	38.4287	13.442	94.8333	13.442	97
58	decode	4	0.579757	38.4411	13.442	96	13.442	97
59	decode	4	0.574535	38.0936	13.2157	93.8571	13.442	97
60	decode	4	0.578724	38.37	13.046	94.8333	13.046	96
61	decode	4	0.576558	38.2251	13.2157	95.2857	13.442	97
62	decode	4	0.578049	38.3226	13.376	92.5	13.442	97
63	decode	4	0.58072	38.4983	13.442	95.3333	13.442	97
64	decode	4	0.580315	38.4701	13.442	92.4286	13.442	97
65	decode	4	0.577938	38.3112	13.442	94.8333	13.442	97
66	decode	4	0.580908	38.5068	13.442	95.5	13.442	97
67	decode	4	0.578885	38.3714	13.442	94.7143	13.442	97
68	decode	4	0.579015	38.3786	13.442	95	13.442	97
69	decode	4	0.579402	38.403	13.442	95.1429	13.442	97
70	decode	4	0.578349	38.3318	13.442	95.6667	13.442	97
71	decode	4	0.581905	38.5662	13.442	95.8333	13.442	97
72	decode	4	0.577612	38.2803	13.442	95	13.442	97
73	decode	4	0.579275	38.3892	13.442	95.3333	13.442	97
74	decode	4	0.580664	38.4799	13.442	95.5	13.442	97
75	decode	4	0.579088	38.3741	13.4445	94.5	13.447	97
76	decode	4	0.582169	38.5769	13.442	95.6667	13.442	97
77	decode	4	0.577312	38.2538	13.442	92.5714	13.442	96
78	decode	4	0.577758	38.282	13.442	94.1667	13.442	97
79	decode	4	0.574443	38.061	13.442	94.8333	13.442	96
80	decode	4	0.578502	38.3287	13.442	95.1667	13.442	97
81	decode	4	0.577865	38.2851	13.442	95.5714	13.442	97
82	decode	4	0.577619	38.2675	13.442	93.1429	13.442	96
83	decode	4	0.57778	38.2768	13.442	94.7143	13.442	97
84	decode	4	0.578191	38.3027	13.442	95.8333	13.442	97
85	decode	4	0.575119	38.0979	13.442	93.3333	13.442	97
86	decode	4	0.578482	38.3193	13.442	95	13.442	96
87	decode	4	0.58133	38.5067	13.442	92.7143	13.442	97
88	decode	4	0.581455	38.5136	13.442	95	13.442	97
89	decode	4	0.575972	38.1491	13.442	95.1429	13.442	97
90	decode	4	0.576565	38.187	13.442	93.8571	13.442	97
91	decode	4	0.576289	38.1674	13.442	95.5	13.442	97
92	decode	4	0.579318	38.3667	13.442	93	13.442	97
93	decode	4	0.573792	37.9994	13.4449	94.7143	13.447	96
94	decode	4	0.576803	38.1975	13.442	93.5714	13.442	97
95	decode	4	0.576534	38.1784	13.442	95.6667	13.442	97
96	decode	4	0.579957	38.4037	13.4434	95	13.447	97
97	decode	4	0.577232	38.222	13.442	93.7143	13.442	97
98	decode	4	0.579234	38.3531	13.442	95.1667	13.442	97
99	decode	4	0.576925	38.199	13.442	93.2857	13.442	97
100	decode	4	0.577937	38.2646	13.442	95.1667	13.442	97
101	decode	4	0.578929	38.329	13.442	94.2857	13.442	97
102	decode	4	0.581752	38.5145	13.442	95.3333	13.442	97
103	decode	4	0.575799	38.1191	13.442	93.1667	13.442	97
104	decode	4	0.579267	38.3474	13.442	95.5	13.442	97
105	decode	4	0.578435	38.2909	13.442	95.1667	13.442	97
106	decode	4	0.576405	38.1553	13.4984	94.2857	13.837	97
107	decode	4	0.574084	38.0003	13.5549	92.8571	13.837	97
108	decode	4	0.573656	37.9707	13.442	94.5	13.442	96
109	decode	4	0.576658	38.168	13.4984	94.8571	13.837	97
110	decode	4	0.582074	38.5252	13.7053	95.6667	13.837	97
111	decode	4	0.5797	38.3667	13.837	92.1667	13.837	97
112	decode	4	0.577268	38.2044	13.837	95.8571	13.837	97
113	decode	4	0.575755	38.103	13.837	95.3333	13.837	97
114	decode	4	0.577487	38.2163	13.6677	94.7143	13.837	97
115	decode	4	0.571313	37.8064	13.6113	93.1429	13.837	97
116	decode	4	0.576695	38.1612	13.442	94	13.442	96
117	decode	4	0.57569	38.0934	13.442	94.6667	13.442	97
118	decode	4	0.576915	38.1731	13.442	94.5	13.442	97
119	decode	4	0.58007	38.3805	13.442	95	13.442	97
120	decode	4	0.577316	38.197	13.442	92.5714	13.442	97
121	decode	4	0.573273	37.9282	13.442	93	13.442	97
122	decode	4	0.577057	38.1772	13.442	93.6667	13.442	97
123	decode	4	0.582763	38.5534	13.442	95.3333	13.442	97
124	decode	4	0.577245	38.187	13.442	92.8571	13.442	97
125	decode	4	0.576752	38.1531	13.4428	95.1667	13.447	97
126	decode	4	0.578626	38.2757	13.4462	95.5	13.447	97
127	decode	4	0.574402	37.995	13.442	95.5	13.442	97
128	decode	4	0.577945	38.228	13.447	92	13.447	97
129	decode	4	0.578648	38.2732	13.4445	95.8333	13.447	97
130	decode	4	0.577185	38.1751	13.447	93.5714	13.447	97
131	decode	4	0.579793	38.3462	13.447	92.3333	13.447	97
132	decode	4	0.583308	38.5774	13.4428	95.1667	13.447	97
133	decode	4	0.577172	38.1702	13.442	95.1429	13.442	97
134	decode	4	0.579474	38.3211	13.442	95.3333	13.442	97
135	decode	4	0.579113	38.296	13.442	95.3333	13.442	97
136	decode	4	0.578826	38.2757	13.442	95	13.442	97
137	decode	4	0.576389	38.1132	13.442	93.4286	13.442	97
138	decode	4	0.578384	38.2437	13.442	94.1667	13.442	97
139	decode	4	0.5788	38.2699	13.442	94.8571	13.442	97
140	decode	4	0.579507	38.3154	13.4991	93.5714	13.837	97
141	decode	4	0.578666	38.2585	13.442	95.1667	13.442	97
142	decode	4	0.577072	38.1518	13.5112	95.6667	13.837	97
143	decode	4	0.575908	38.0735	13.5078	94.3333	13.837	97
144	decode	4	0.579119	38.2844	13.442	95.1667	13.442	97
145	decode	4	0.573632	37.9204	13.442	95.8333	13.442	97
146	decode	4	0.575361	38.0333	13.442	95.2857	13.442	97
147	decode	4	0.576279	38.0927	13.442	93	13.442	97
148	decode	4	0.577238	38.1548	13.442	94.2857	13.442	97
149	decode	4	0.581386	38.4276	13.5078	95.5	13.837	97
150	decode	4	0.577306	38.1566	13.442	92.1667	13.442	97
151	decode	4	0.57833	38.223	13.442	95.3333	13.442	97
152	decode	4	0.574781	37.9871	13.5078	95.1667	13.837	97
153	decode	4	0.574928	37.9955	13.442	92.5714	13.442	97
154	decode	4	0.576849	38.1211	13.6113	92.8571	13.837	96
155	decode	4	0.578817	38.2499	13.7241	95.2857	13.837	97
156	decode	4	0.578215	38.2087	13.837	95.1667	13.837	97
157	decode	4	0.576067	38.0655	13.7806	92.7143	13.837	97
158	decode	4	0.576939	38.1218	13.837	94.4286	13.837	97
159	decode	4	0.576894	38.1175	13.837	95.8333	13.837	97
160	decode	4	0.581076	38.3925	13.837	93.2857	13.837	97
161	decode	4	0.579469	38.285	13.837	94.8333	13.837	97
162	decode	4	0.576481	38.0863	13.837	95.3333	13.837	97
163	decode	4	0.576456	38.0833	13.837	94.5714	13.837	97
164	decode	4	0.576928	38.1132	13.837	95.1667	13.837	97
165	decode	4	0.574654	37.9616	13.837	94.2857	13.837	97
166	decode	4	0.5744	37.9435	13.837	93	13.837	97
167	decode	4	0.576267	38.0655	13.837	94.5714	13.837	97
168	decode	4	0.57614	38.0558	13.837	94.8333	13.837	97
169	decode	4	0.576341	38.0678	13.8396	93.1429	13.843	97
170	decode	4	0.575561	38.0149	13.837	93.7143	13.837	97
171	decode	4	0.573926	37.9056	13.839	95	13.843	97
172	decode	4	0.579109	38.2466	13.8404	93.2857	13.843	96
173	decode	4	0.574	37.9079	13.8379	93.2857	13.843	97
174	decode	4	0.575766	38.0232	13.837	94.6667	13.837	96
175	decode	4	0.5737	37.8855	13.837	95.1667	13.837	97
176	decode	4	0.577814	38.1558	13.837	92.8571	13.837	97
177	decode	4	0.576288	38.0537	13.837	92.7143	13.837	97
178	decode	4	0.573698	37.8814	13.837	93.7143	13.837	97
179	decode	4	0.575734	38.0145	13.837	95.5	13.837	97
180	decode	4	0.575876	38.0226	13.837	93.5	13.837	97
181	decode	4	0.576458	38.0597	13.837	95.5	13.837	97
182	decode	4	0.571344	37.7208	13.837	93.1667	13.837	97
183	decode	4	0.578626	38.2002	13.837	95.5714	13.837	97
184	decode	4	0.57637	38.0499	13.7053	95.5	13.837	97
185	decode	4	0.57587	38.0156	13.4984	93.4286	13.837	97
186	decode	4	0.579129	38.2294	13.5737	95.3333	13.837	97
187	decode	4	0.573838	37.8789	13.5078	95	13.837	97
188	decode	4	0.576275	38.0384	13.442	95.8333	13.442	97
189	decode	4	0.574534	37.9221	13.442	93.5714	13.442	97
190	decode	4	0.575178	37.9633	13.442	93.8571	13.442	97
191	decode	4	0.578168	38.1594	13.442	95.1667	13.442	97
192	decode	4	0.57435	37.9061	13.442	92.8333	13.442	97
193	decode	4	0.577412	38.1069	13.442	95.1667	13.442	97
194	decode	4	0.57843	38.1727	13.4984	92.7143	13.837	97
195	decode	4	0.574182	37.8911	13.7053	91.8333	13.837	96
196	decode	4	0.58178	38.3912	13.6395	95	13.837	97
197	decode	4	0.574874	37.9341	13.442	95.5	13.442	97
198	decode	4	0.575997	38.0069	13.442	95	13.442	96
199	decode	4	0.576191	38.0184	13.5737	95.6667	13.837	97
200	decode	4	0.574943	37.9347	13.7053	93.5	13.837	97
201	decode	4	0.573761	37.8554	13.837	95.5	13.837	97
202	decode	4	0.571697	37.7179	13.837	95	13.837	97
203	decode	4	0.570022	37.6061	13.837	92.8571	13.837	97
204	decode	4	0.576747	38.0485	13.837	95.5	13.837	97
205	decode	4	0.576599	38.0374	13.837	95.3333	13.837	97
206	decode	4	0.574666	37.9086	13.837	93.7143	13.837	97
207	decode	4	0.577216	38.0755	13.837	95.5	13.837	97
208	decode	4	0.577889	38.1185	13.837	95	13.837	97
209	decode	4	0.574423	37.8886	13.837	93.1429	13.837	97
210	decode	4	0.576029	37.9932	13.837	94.5	13.837	97
211	decode	4	0.575871	37.9815	13.837	95.8333	13.837	97
212	decode	4	0.577987	38.1197	13.837	95.3333	13.837	97
213	decode	4	0.575008	37.9219	13.837	95.1429	13.837	97
214	decode	4	0.573502	37.8213	13.837	95.3333	13.837	97
215	decode	4	0.57903	38.1846	13.837	92.8571	13.837	97
216	decode	4	0.575973	37.9817	13.837	95.1429	13.837	97
217	decode	4	0.575798	37.9688	13.837	95.6667	13.837	97
218	decode	4	0.578337	38.1349	13.837	95.3333	13.837	97
219	decode	4	0.57252	37.7501	13.837	95.3333	13.837	97
220	decode	4	0.576236	37.9937	13.837	95.2857	13.837	97
221	decode	4	0.576065	37.9812	13.837	94.8333	13.837	97
222	decode	4	0.576441	38.0046	13.837	95.6667	13.837	97
223	decode	4	0.572351	37.7336	13.837	92.8571	13.837	97
224	decode	4	0.575186	37.9192	13.837	94.6667	13.837	97
225	decode	4	0.57744	38.0666	13.837	93.1429	13.837	97
226	decode	4	0.575954	37.9673	13.837	95	13.837	96
227	decode	4	0.575936	37.9648	13.837	93	13.837	97
228	decode	4	0.578712	38.1464	13.837	95.5714	13.837	97
229	decode	4	0.577642	38.0746	13.837	95.3333	13.837	97
230	decode	4	0.575686	37.9443	13.837	95.5714	13.837	97
231	decode	4	0.577104	38.0365	13.837	95.8333	13.837	97
232	decode	4	0.572823	37.7531	13.837	93.2857	13.837	97
233	decode	4	0.577525	38.0616	13.837	94.1667	13.837	97
234	decode	4	0.573986	37.8271	13.837	95.3333	13.837	97
235	decode	4	0.57639	37.9842	13.837	93.1667	13.837	97
236	decode	4	0.572661	37.7372	13.837	95	13.837	97
237	decode	4	0.5731	37.7648	13.837	92.5714	13.837	97
238	decode	4	0.575049	37.8919	13.837	94.2857	13.837	97
239	decode	4	0.575503	37.9205	13.837	94.3333	13.837	97
240	decode	4	0.575779	37.9374	13.837	95.5	13.837	97
241	decode	4	0.57376	37.8031	13.837	92.8571	13.837	97
242	decode	4	0.576682	37.9942	13.837	94.1429	13.837	97
243	decode	4	0.574486	37.8483	13.837	92.7143	13.837	97
244	decode	4	0.572421	37.7109	13.837	95.3333	13.837	97
245	decode	4	0.576065	37.9496	13.837	94.4286	13.837	97
246	decode	4	0.573674	37.7909	13.837	95.5	13.837	97
247	decode	4	0.575566	37.9142	13.837	95.3333	13.837	97
248	decode	4	0.574833	37.8646	13.837	93.5714	13.837	97
249	decode	4	0.57315	37.7524	13.837	94.7143	13.837	97
250	decode	4	0.569936	37.5394	13.837	95.1667	13.837	97
251	decode	4	0.576485	37.9695	13.837	93.5	13.837	97
252	decode	4	0.575844	37.9259	13.837	95.1667	13.837	97
253	decode	4	0.574112	37.8106	13.837	96	13.837	97
254	decode	4	0.57621	37.9474	13.837	95.1667	13.837	97
255	decode	4	0.571972	37.667	13.837	95.3333	13.837	97
