0	prefill	214.414	23.5615	1801.2	15.1714	95.25	17	97
1	decode	4.00287	0.540799	38.1806	17.1129	96.2857	17.395	97
2	decode	4.00292	0.535392	37.7977	16.3674	95.2	16.605	97
3	decode	4.00297	0.536983	37.909	15.6165	95.3333	15.814	97
4	decode	4.00301	0.539548	38.089	15.089	94.5	15.419	97
5	decode	4.00306	0.535861	37.8276	14.628	95	14.628	97
6	decode	4.00311	0.538745	38.0301	14.4017	96	14.628	97
7	decode	4.00316	0.539789	38.1027	14.232	95.2	14.232	97
8	decode	4.00321	0.539902	38.1097	13.837	93.6667	13.837	97
9	decode	4.00326	0.541925	38.2514	13.837	95.1429	13.837	97
10	decode	4.00331	0.540281	38.1343	13.837	94.5	13.837	97
11	decode	4.00335	0.538065	37.9767	13.837	95.8571	13.837	97
12	decode	4.0034	0.539556	38.0809	13.442	95	13.442	97
13	decode	4.00345	0.539574	38.0811	13.442	92.3333	13.442	97
14	decode	4.0035	0.538738	38.0211	13.442	95.8333	13.442	97
15	decode	4.00355	0.537837	37.9564	13.442	95.6667	13.442	97
16	decode	4.0036	0.540099	38.1149	13.442	95.8333	13.442	97
17	decode	4.00365	0.537255	37.9132	13.442	95.3333	13.442	97
18	decode	4.00369	0.53673	37.875	13.442	94.8333	13.442	97
19	decode	4.00374	0.538224	37.9794	13.442	93.5	13.442	97
20	decode	4.00379	0.534481	37.7142	13.442	95.4286	13.442	97
21	decode	4.00384	0.535214	37.7648	13.442	94.5	13.442	97
22	decode	4.00389	0.540828	38.1598	13.442	94.5	13.442	97
23	decode	4.00394	0.537289	37.9091	13.442	93.7143	13.442	97
24	decode	4.00399	0.538404	37.9867	13.442	92.5	13.442	97
25	decode	4.00403	0.540228	38.1143	13.442	95	13.442	97
26	decode	4.00408	0.538383	37.9831	13.442	95.3333	13.442	97
27	decode	4.00413	0.538715	38.0054	13.442	94.5	13.442	97
28	decode	4.00418	0.538895	38.0171	13.442	96.1667	13.442	97
29	decode	4.00423	0.538376	37.9794	13.442	95.5	13.442	97
30	decode	4.00428	0.541874	38.225	13.442	95.3333	13.442	97
31	decode	4.00432	0.540341	38.1158	13.442	94.8333	13.442	97
32	decode	4.00437	0.538887	38.0122	13.442	95.7143	13.442	97
33	decode	4.00442	0.539652	38.065	13.442	94.5	13.442	97
34	decode	4.00447	0.536695	37.8554	13.442	93.6667	13.442	97
35	decode	4.00452	0.53945	38.0487	13.442	95.8333	13.442	97
36	decode	4.00457	0.539411	38.0448	13.442	94.6667	13.442	97
37	decode	4.00462	0.532773	37.5756	13.442	93.5714	13.442	97
38	decode	4.00466	0.538626	37.9873	13.442	95.8333	13.442	97
39	decode	4.00471	0.536756	37.8544	13.442	95	13.442	97
40	decode	4.00476	0.532999	37.5883	13.442	95.8333	13.442	97
41	decode	4.00481	0.537495	37.9043	13.442	95	13.442	96
42	decode	4.00486	0.538147	37.9492	13.442	93.1667	13.442	97
43	decode	4.00491	0.533866	37.6463	13.442	95.5	13.442	97
44	decode	4.00496	0.538911	38.0009	13.442	92	13.442	97
45	decode	4.005	0.537808	37.9221	13.442	95.1429	13.442	97
46	decode	4.00505	0.535791	37.7788	13.442	95.5	13.442	97
47	decode	4.0051	0.537857	37.9234	13.442	94	13.442	97
48	decode	4.00515	0.541419	38.1735	13.442	95.3333	13.442	97
49	decode	4.0052	0.537961	37.9286	13.442	94.6667	13.442	97
50	decode	4.00525	0.535666	37.7657	13.442	95.6667	13.442	97
51	decode	4.00529	0.539392	38.0273	13.442	95.5	13.442	97
52	decode	4.00534	0.537858	37.9181	13.442	93.4286	13.442	97
53	decode	4.00539	0.541837	38.1976	13.442	94.5	13.442	97
54	decode	4.00544	0.535713	37.7647	13.442	94.1429	13.442	97
55	decode	4.00549	0.537415	37.8836	13.442	95.6667	13.442	97
56	decode	4.00554	0.539678	38.0421	13.442	96.1429	13.442	97
57	decode	4.00559	0.539966	38.0614	13.442	95.5	13.442	97
58	decode	4.00563	0.536461	37.8132	13.442	95.6667	13.442	97
59	decode	4.00568	0.53644	37.8106	13.442	92.7143	13.442	97
60	decode	4.00573	0.538243	37.9367	13.442	95.6667	13.442	97
61	decode	4.00578	0.53531	37.7288	13.442	96.1667	13.442	97
62	decode	4.00583	0.534941	37.7018	13.442	93.2857	13.442	97
63	decode	4.00588	0.537145	37.8561	13.442	95.6667	13.442	97
64	decode	4.00593	0.536639	37.8193	13.442	95	13.442	97
65	decode	4.00597	0.540224	38.0709	13.442	95.8333	13.442	97
66	decode	4.00602	0.540241	38.0711	13.442	94.4286	13.442	97
67	decode	4.00607	0.539684	38.0307	13.442	95.8333	13.442	97
68	decode	4.00612	0.533704	37.6083	13.442	95.6667	13.442	97
69	decode	4.00617	0.537172	37.8515	13.442	95.1667	13.442	97
70	decode	4.00622	0.533342	37.5806	13.442	95.5714	13.442	97
71	decode	4.00626	0.492458	34.6989	13.1026	84.2857	13.442	97
72	decode	4.00631	0.533293	37.575	13.046	95.3333	13.046	97
73	decode	4.00636	0.540351	38.0712	13.31	93.1667	13.442	97
74	decode	4.00641	0.538617	37.948	13.442	96	13.442	97
75	decode	4.00646	0.533701	37.6006	13.442	94.8333	13.442	97
76	decode	4.00651	0.537593	37.8737	13.442	95.1429	13.442	97
77	decode	4.00656	0.534481	37.6534	13.442	93.5	13.442	97
78	decode	4.0066	0.53737	37.8559	13.442	96.2857	13.442	97
79	decode	4.00665	0.535132	37.6971	13.442	95.8333	13.442	97
80	decode	4.0067	0.536426	37.7872	13.442	95.4286	13.442	97
81	decode	4.00675	0.541517	38.1448	13.442	95.5	13.442	97
82	decode	4.0068	0.53512	37.6931	13.442	95.5	13.442	97
83	decode	4.00685	0.535093	37.6901	13.442	93.6667	13.442	97
84	decode	4.00689	0.540108	38.0423	13.442	95.5714	13.442	97
85	decode	4.00694	0.535619	37.7251	13.442	95.7143	13.442	97
86	decode	4.00699	0.536224	37.7666	13.442	93.3333	13.442	97
87	decode	4.00704	0.537862	37.8809	13.442	95	13.442	97
88	decode	4.00709	0.536503	37.7841	13.442	95.5	13.442	97
89	decode	4.00714	0.536575	37.7881	13.442	96	13.442	97
90	decode	4.00718	0.537023	37.8186	13.442	96	13.442	97
91	decode	4.00723	0.53603	37.7476	13.442	95	13.442	97
92	decode	4.00728	0.536223	37.7601	13.442	95.3333	13.442	97
93	decode	4.00733	0.535505	37.7085	13.442	93.5	13.442	97
94	decode	4.00738	0.537203	37.827	13.442	95.1667	13.442	97
95	decode	4.00743	0.53717	37.8236	13.4441	95.1429	13.447	97
96	decode	4.00748	0.535779	37.7246	13.4434	95.5714	13.447	97
97	decode	4.00752	0.539577	37.9909	13.442	95.1667	13.442	96
98	decode	4.00757	0.535872	37.729	13.442	94.2857	13.442	97
99	decode	4.00762	0.538698	37.9269	13.442	95.6667	13.442	97
100	decode	4.00767	0.537625	37.8503	13.442	94.7143	13.442	97
101	decode	4.00772	0.538563	37.9152	13.442	95.3333	13.442	97
102	decode	4.00777	0.535826	37.7215	13.442	94.7143	13.442	97
103	decode	4.00781	0.536211	37.7475	13.442	95.5714	13.442	97
104	decode	4.00786	0.536629	37.7759	13.442	95.8333	13.442	97
105	decode	4.00791	0.537005	37.8013	13.442	95.5	13.442	97
106	decode	4.00796	0.536574	37.7698	13.442	94.1429	13.442	97
107	decode	4.00801	0.537949	37.8656	13.442	95.3333	13.442	97
108	decode	4.00806	0.536595	37.7692	13.442	93.5	13.442	97
109	decode	4.0081	0.540491	38.0424	13.442	94.2857	13.442	97
110	decode	4.00815	0.54011	38.0145	13.442	95.6667	13.442	97
111	decode	4.0082	0.539567	37.9752	13.442	94.8571	13.442	97
112	decode	4.00825	0.536845	37.7825	13.442	94.3333	13.442	97
113	decode	4.0083	0.537433	37.8229	13.442	96.2857	13.442	97
114	decode	4.00835	0.535904	37.7142	13.442	94.1429	13.442	97
115	decode	4.0084	0.536298	37.7408	13.442	95.5	13.442	97
116	decode	4.00844	0.536388	37.7461	13.442	94.5	13.442	96
117	decode	4.00849	0.533676	37.5542	13.442	94.6667	13.442	97
118	decode	4.00854	0.53664	37.7617	13.442	95.1429	13.442	97
119	decode	4.00859	0.538036	37.8588	13.442	93.6667	13.442	97
120	decode	4.00864	0.536945	37.781	13.442	95.4286	13.442	97
121	decode	4.00869	0.537415	37.813	13.442	94	13.442	97
122	decode	4.00873	0.537689	37.8313	13.442	95.1667	13.442	97
123	decode	4.00878	0.537208	37.7963	13.442	95.3333	13.442	97
124	decode	4.00883	0.537804	37.8372	13.442	94	13.442	97
125	decode	4.00888	0.53433	37.5917	13.442	95.7143	13.442	97
126	decode	4.00893	0.535912	37.702	13.442	93.8571	13.442	97
127	decode	4.00898	0.532331	37.449	13.442	95.1667	13.442	97
128	decode	4.00902	0.537334	37.7999	13.442	94.3333	13.442	97
129	decode	4.00907	0.535369	37.6606	13.442	93.7143	13.442	97
130	decode	4.00912	0.536699	37.7531	13.442	95.4	13.442	97
131	decode	4.00917	0.533457	37.524	13.442	95.5	13.442	97
132	decode	4.00922	0.536667	37.7487	13.442	93.8571	13.442	97
133	decode	4.00927	0.535416	37.6596	13.442	95	13.442	96
134	decode	4.00931	0.533222	37.5042	13.442	93.6667	13.442	97
135	decode	4.00936	0.537026	37.7707	13.442	95.3333	13.442	97
136	decode	4.00941	0.53758	37.8086	13.442	96	13.442	97
137	decode	4.00946	0.53923	37.9236	13.442	95.6667	13.442	97
138	decode	4.00951	0.5372	37.7798	13.442	95.1667	13.442	97
139	decode	4.00956	0.535909	37.6879	13.442	93.6667	13.442	97
140	decode	4.0096	0.535655	37.669	13.442	94.5	13.442	97
141	decode	4.00965	0.538045	37.836	13.442	95.5714	13.442	97
142	decode	4.0097	0.539519	37.9386	13.442	95.5	13.442	97
143	decode	4.00975	0.539142	37.911	13.442	94.8571	13.442	97
144	decode	4.0098	0.533837	37.5369	13.442	95	13.442	97
145	decode	4.00985	0.535757	37.6708	13.442	94.8333	13.442	97
146	decode	4.00989	0.53575	37.6693	13.442	95.3333	13.442	97
147	decode	4.00994	0.536858	37.7461	13.442	94	13.442	97
148	decode	4.00999	0.534999	37.6144	13.442	95.1667	13.442	97
149	decode	4.01004	0.534513	37.5792	13.442	93.3333	13.442	97
150	decode	4.01009	0.536401	37.7108	13.442	95.3333	13.442	97
151	decode	4.01014	0.538	37.8222	13.442	95.5	13.442	97
152	decode	4.01018	0.535188	37.6234	13.442	93.5	13.442	97
153	decode	4.01023	0.535494	37.6439	13.442	95.8571	13.442	97
154	decode	4.01028	0.535912	37.6722	13.442	95.3333	13.442	97
155	decode	4.01033	0.535739	37.659	13.442	95.6667	13.442	97
156	decode	4.01038	0.537839	37.8055	13.442	95.1429	13.442	97
157	decode	4.01043	0.536619	37.7187	13.442	93.1667	13.442	97
158	decode	4.01047	0.539925	37.95	13.442	95.5	13.442	97
159	decode	4.01052	0.537804	37.7998	13.442	94.8571	13.442	97
160	decode	4.01057	0.536508	37.7077	13.442	94.2857	13.442	97
161	decode	4.01062	0.538106	37.819	13.442	95	13.442	97
162	decode	4.01067	0.539969	37.9488	13.442	96	13.442	97
163	decode	4.01072	0.538898	37.8725	13.442	93.1667	13.442	97
164	decode	4.01076	0.534859	37.5875	13.442	95.1667	13.442	97
165	decode	4.01081	0.539673	37.9248	13.442	94.8	13.442	97
166	decode	4.01086	0.536157	37.6766	13.442	95.6667	13.442	97
167	decode	4.01091	0.541705	38.0654	13.442	95.4	13.442	96
168	decode	4.01096	0.541419	38.0442	13.442	93.5	13.442	97
169	decode	4.01101	0.534923	37.5868	13.442	95	13.442	97
170	decode	4.01105	0.534431	37.5511	13.442	95.3333	13.442	97
171	decode	4.0111	0.540077	37.9468	13.442	95.6667	13.442	97
172	decode	4.01115	0.534881	37.5806	13.442	95	13.442	97
173	decode	4.0112	0.538777	37.8533	13.442	94.4286	13.442	97
174	decode	4.01125	0.540626	37.9821	13.442	95.6	13.442	97
175	decode	4.0113	0.536621	37.6996	13.442	93.1667	13.442	97
176	decode	4.01134	0.535118	37.593	13.442	92.5	13.442	97
177	decode	4.01139	0.537237	37.7408	13.442	93.5	13.442	97
178	decode	4.01144	0.53193	37.3669	13.442	94.2857	13.442	97
179	decode	4.01149	0.538224	37.808	13.442	95.6667	13.442	97
180	decode	4.01154	0.536042	37.6537	13.442	93.1429	13.442	97
181	decode	4.01159	0.534559	37.5485	13.442	95	13.442	97
182	decode	4.01163	0.535826	37.6364	13.442	95.1667	13.442	97
183	decode	4.01168	0.533881	37.4987	13.442	94.1667	13.442	97
184	decode	4.01173	0.535216	37.5914	13.442	95.8333	13.442	97
185	decode	4.01178	0.534919	37.5695	13.442	94.8333	13.442	97
186	decode	4.01183	0.535553	37.613	13.442	95.6	13.442	97
187	decode	4.01188	0.535337	37.5968	13.442	94.1667	13.442	97
188	decode	4.01192	0.538691	37.8312	13.442	94.4	13.442	97
189	decode	4.01197	0.533826	37.4885	13.442	95.3333	13.442	97
190	decode	4.01202	0.537646	37.7557	13.442	95.3333	13.442	97
191	decode	4.01207	0.536424	37.6688	13.442	94.1667	13.442	97
192	decode	4.01212	0.536765	37.6917	13.442	95.6667	13.442	97
193	decode	4.01216	0.537679	37.7549	13.442	94.3333	13.442	97
194	decode	4.01221	0.53689	37.6984	13.442	95	13.442	97
195	decode	4.01226	0.535934	37.6302	13.442	94.6667	13.442	97
196	decode	4.01231	0.538375	37.8005	13.442	95.2857	13.442	97
197	decode	4.01236	0.538621	37.8167	13.442	93.6667	13.442	97
198	decode	4.01241	0.540984	37.9816	13.442	95.1667	13.442	97
199	decode	4.01245	0.534655	37.5362	13.442	93.6667	13.442	97
200	decode	4.0125	0.531952	37.3453	13.442	93.1429	13.442	97
201	decode	4.01255	0.540872	37.9705	13.442	94.5	13.442	97
202	decode	4.0126	0.536111	37.6352	13.442	95.8571	13.442	97
203	decode	4.01265	0.532479	37.3792	13.442	94.2857	13.442	97
204	decode	4.0127	0.537339	37.7192	13.442	93.6667	13.442	97
205	decode	4.01274	0.538093	37.7711	13.442	95	13.442	97
206	decode	4.01279	0.534674	37.5301	13.442	95.5714	13.442	97
207	decode	4.01284	0.534872	37.5429	13.442	93	13.442	96
208	decode	4.01289	0.538645	37.8067	13.442	95.4	13.442	97
209	decode	4.01294	0.538503	37.7957	13.442	95.5	13.442	97
210	decode	4.01299	0.539305	37.8509	13.442	93.8571	13.442	97
211	decode	4.01303	0.537142	37.698	13.442	95.3333	13.442	97
212	decode	4.01308	0.538965	37.8249	13.442	94.1667	13.442	97
213	decode	4.01313	0.53734	37.7098	13.442	95.5	13.442	97
214	decode	4.01318	0.535754	37.5974	13.442	96	13.442	97
215	decode	4.01323	0.540245	37.9115	13.442	94.6667	13.442	97
216	decode	4.01327	0.539855	37.883	13.442	95.5714	13.442	97
217	decode	4.01332	0.537561	37.721	13.442	95	13.442	97
218	decode	4.01337	0.541119	37.9697	13.442	94.4286	13.442	97
219	decode	4.01342	0.539139	37.8296	13.442	95.3333	13.442	97
220	decode	4.01347	0.544824	38.2275	13.442	95.8571	13.442	97
221	decode	4.01352	0.537821	37.735	13.442	95.4	13.442	97
222	decode	4.01356	0.537059	37.6805	13.442	95.8333	13.442	97
223	decode	4.01361	0.533986	37.4638	13.442	95.5	13.442	97
224	decode	4.01366	0.543931	38.1605	13.442	96.2857	13.442	97
225	decode	4.01371	0.535739	37.5847	13.442	95.3333	13.442	97
226	decode	4.01376	0.541169	37.9646	13.442	93.8333	13.442	97
227	decode	4.01381	0.535395	37.5585	13.442	95.5	13.442	97
228	decode	4.01385	0.537464	37.7025	13.442	94.6667	13.442	97
229	decode	4.0139	0.541467	37.9823	13.442	94.7143	13.442	97
230	decode	4.01395	0.535567	37.5674	13.442	93.8333	13.442	97
231	decode	4.014	0.538082	37.7427	13.442	93.1667	13.442	96
232	decode	4.01405	0.538744	37.7881	13.442	93.7143	13.442	97
233	decode	4.01409	0.53729	37.6851	13.442	95.5	13.442	97
234	decode	4.01414	0.53976	37.8572	13.442	95	13.442	97
235	decode	4.01419	0.537027	37.6645	13.442	95.8571	13.442	97
236	decode	4.01424	0.540088	37.8781	13.442	93.5	13.442	97
237	decode	4.01429	0.537837	37.7192	13.442	94.6667	13.442	97
238	decode	4.01434	0.537157	37.6704	13.442	95.3333	13.442	97
239	decode	4.01438	0.536795	37.6439	13.442	95.6667	13.442	97
240	decode	4.01443	0.540576	37.9081	13.442	95	13.442	97
241	decode	4.01448	0.536404	37.6144	13.442	95.2	13.442	97
242	decode	4.01453	0.533934	37.4401	13.442	95.6667	13.442	97
243	decode	4.01458	0.53731	37.6758	13.442	93.1667	13.442	97
244	decode	4.01462	0.539243	37.8103	13.442	96	13.442	97
245	decode	4.01467	0.53852	37.7585	13.442	95.6667	13.442	97
246	decode	4.01472	0.537692	37.6994	13.442	95.3333	13.442	97
247	decode	4.01477	0.535721	37.5602	13.442	95.1667	13.442	97
248	decode	4.01482	0.536732	37.63	13.442	94.5	13.442	97
249	decode	4.01487	0.545533	38.246	13.442	96.3333	13.442	97
250	decode	4.01491	0.53752	37.6831	13.442	95.6667	13.442	97
251	decode	4.01496	0.537299	37.6666	13.442	95	13.442	97
252	decode	4.01501	0.53772	37.695	13.442	96	13.442	97
253	decode	4.01506	0.536549	37.6119	13.442	95.8333	13.442	97
254	decode	4.01511	0.538969	37.7805	13.442	95.2	13.442	97
255	decode	4.01515	0.537702	37.6906	13.442	95.5	13.442	97
