0	prefill	201.403	40.9183	5286.65	106.567	34.5	122.519	55
1	decode	4	0.837814	92.3734	122.519	55	122.519	55
2	decode	4	0.84164	92.7918	124.379	55	131.82	55
3	decode	4	0.841829	92.8091	131.82	55	131.82	55
4	decode	4	0.841699	92.7913	131.82	55	131.82	55
5	decode	4	0.842629	92.8902	136.224	41.5	137.692	55
6	decode	4	0.837185	92.2866	137.692	37	137.692	37
7	decode	4	0.822201	90.6314	131.805	37	137.692	37
8	decode	4	0.835325	92.0746	129.843	37	129.843	37
9	decode	4	0.833038	91.8191	126.934	40.2	129.843	53
10	decode	4	0.839342	92.5103	122.571	53	122.571	53
11	decode	4	0.83328	91.8388	122.571	53	122.571	53
12	decode	4	0.834544	91.9745	127.131	53	127.131	53
13	decode	4	0.836232	92.1571	127.131	53	127.131	53
14	decode	4	0.831923	91.6787	131.893	51.5	133.48	53
15	decode	4	0.826203	91.045	133.48	51	133.48	51
16	decode	4	0.832353	91.7192	128.191	51	133.48	51
17	decode	4	0.839077	92.4566	122.902	51	122.902	51
18	decode	4	0.835414	92.0495	125.255	51	134.666	51
19	decode	4	0.836414	92.1562	134.666	51	134.666	51
20	decode	4	0.815534	89.8522	134.666	51	134.666	51
21	decode	4	0.83777	92.2986	132.238	51	134.666	51
22	decode	4	0.83705	92.2158	131.631	51	131.631	51
23	decode	4	0.814332	89.7096	127.401	51	131.631	51
24	decode	4	0.836412	92.1385	123.172	51	123.172	51
25	decode	4	0.836608	92.1566	123.172	51	123.172	51
26	decode	4	0.83643	92.1335	123.172	51	123.172	51
27	decode	4	0.832499	91.697	123.172	51	123.172	51
28	decode	4	0.832684	91.7139	143.402	51	143.402	51
29	decode	4	0.836065	92.0828	143.402	51	143.402	51
30	decode	4	0.838818	92.3825	132.013	51	143.402	51
31	decode	4	0.838805	92.3776	124.42	51	124.42	51
32	decode	4	0.819546	90.2532	124.339	51.25	124.42	52
33	decode	4	0.820868	90.3954	124.096	52	124.096	52
34	decode	4	0.839746	92.4708	122.808	52	124.096	52
35	decode	4	0.832682	91.6894	118.942	52	118.942	52
36	decode	4	0.834822	91.9215	118.942	52	118.942	52
37	decode	4	0.836655	92.1199	125.013	51	125.013	51
38	decode	4	0.835794	92.0216	125.013	51	125.013	51
39	decode	4	0.833186	91.731	123.832	51	125.013	51
40	decode	4	0.837117	92.1602	123.044	51	123.044	51
41	decode	4	0.835144	91.9395	125.123	51	131.361	51
42	decode	4	0.83893	92.3528	131.361	51	131.361	51
43	decode	4	0.833038	91.7008	131.361	51	131.361	51
44	decode	4	0.83188	91.5698	137.979	51	137.979	51
45	decode	4	0.823345	90.627	137.979	51	137.979	51
46	decode	4	0.836074	92.0246	127.116	51.75	137.979	52
47	decode	4	0.834887	91.8904	123.495	52	123.495	52
48	decode	4	0.83991	92.4398	122.817	52	123.495	52
49	decode	4	0.837421	92.1623	120.783	52	120.783	52
50	decode	4	0.837514	92.1691	120.783	52	120.783	52
51	decode	4	0.834551	91.8395	131.361	51	131.361	51
52	decode	4	0.835226	91.9103	131.361	51	131.361	51
53	decode	4	0.838687	92.2877	127.639	51	131.361	51
54	decode	4	0.837222	92.123	126.399	51	126.399	51
55	decode	4	0.835999	91.9849	125.108	51.4	126.399	52
56	decode	4	0.840191	92.4427	123.172	52	123.172	52
57	decode	4	0.838038	92.2023	123.172	52	123.172	52
58	decode	4	0.839394	92.3479	140.421	52	140.421	52
59	decode	4	0.832819	91.6212	140.421	52	140.421	52
60	decode	4	0.838733	92.2683	126.808	52	126.808	52
61	decode	4	0.837708	92.152	126.808	52	126.808	52
62	decode	4	0.83669	92.0366	124.526	52	126.808	52
63	decode	4	0.835396	91.8907	123.765	52	123.765	52
64	decode	4	0.828561	91.1354	128.973	51.6	136.785	52
65	decode	4	0.828666	91.1436	136.785	51	136.785	51
66	decode	4	0.839431	92.3241	136.785	51	136.785	51
67	decode	4	0.841	92.4931	129.843	51	129.843	51
68	decode	4	0.838981	92.2676	129.843	51	129.843	51
69	decode	4	0.835944	91.9301	126.873	51.75	129.843	52
70	decode	4	0.837381	92.0847	125.883	52	125.883	52
71	decode	4	0.837991	92.1483	130.351	52	137.054	52
72	decode	4	0.840319	92.4008	137.054	52	137.054	52
73	decode	4	0.838105	92.1538	137.054	52	137.054	52
74	decode	4	0.837248	92.0561	138.572	52	138.572	52
75	decode	4	0.83807	92.143	138.572	52	138.572	52
76	decode	4	0.834521	91.7494	129.991	52	138.572	52
77	decode	4	0.840592	92.4133	127.131	52	127.131	52
78	decode	4	0.841224	92.4793	130.139	52	133.148	52
79	decode	4	0.840745	92.4231	133.148	52	133.148	52
80	decode	4	0.832054	91.4643	133.268	52	133.749	52
81	decode	4	0.8414	92.4881	133.749	52	133.749	52
82	decode	4	0.836687	91.9666	133.749	52	133.749	52
83	decode	4	0.840418	92.3733	128.786	52	133.749	52
84	decode	4	0.841798	92.5214	127.131	52	127.131	52
85	decode	4	0.822448	90.3912	124.606	52	127.131	52
86	decode	4	0.837631	92.0564	123.765	52	123.765	52
87	decode	4	0.839212	92.2267	130.773	52	141.284	52
88	decode	4	0.836744	91.952	141.284	52	141.284	52
89	decode	4	0.837477	92.0291	141.284	52	141.284	52
90	decode	4	0.821232	90.2406	128.649	52	128.649	52
91	decode	4	0.838396	92.1231	128.649	52	128.649	52
92	decode	4	0.835855	91.8405	125.922	52	128.649	52
93	decode	4	0.840009	92.2934	125.013	52	125.013	52
94	decode	4	0.839208	92.2019	125.148	52	125.282	52
95	decode	4	0.834894	91.7244	125.282	52	125.282	52
96	decode	4	0.824496	90.5787	125.282	52	125.282	52
97	decode	4	0.838686	92.1341	125.282	52	125.282	52
98	decode	4	0.840594	92.3402	125.282	52	125.282	52
99	decode	4	0.840196	92.293	122.897	52	125.282	52
100	decode	4	0.840678	92.3424	122.301	52	122.301	52
101	decode	4	0.83546	91.7658	130.899	52	139.496	52
102	decode	4	0.8388	92.1292	139.496	52	139.496	52
103	decode	4	0.837617	91.9958	136.852	52	139.496	52
104	decode	4	0.838905	92.1337	128.919	52	128.919	52
105	decode	4	0.842424	92.5168	128.919	52	128.919	52
106	decode	4	0.840481	92.2999	124.42	52	124.42	52
107	decode	4	0.834598	91.6504	124.42	52	124.42	52
108	decode	4	0.836107	91.8126	122.902	52	124.42	52
109	decode	4	0.838822	92.1073	121.384	52	121.384	52
110	decode	4	0.838773	92.0983	128.025	52	134.666	52
111	decode	4	0.84039	92.2724	134.666	52	134.666	52
112	decode	4	0.831879	91.3345	133.213	52	134.666	52
113	decode	4	0.833787	91.5406	127.401	52	127.401	52
114	decode	4	0.837576	91.953	127.401	52	127.401	52
115	decode	4	0.839251	92.1334	122.587	52	127.401	52
116	decode	4	0.840088	92.2219	121.384	52	121.384	52
117	decode	4	0.841513	92.3748	129.547	52	137.709	52
118	decode	4	0.83988	92.1921	137.709	52	137.709	52
119	decode	4	0.841195	92.3329	134.57	52	137.709	52
120	decode	4	0.83823	92.004	125.152	52	125.152	52
121	decode	4	0.840417	92.2406	125.152	52	125.152	52
122	decode	4	0.837536	91.9209	124.689	52	124.689	52
123	decode	4	0.841249	92.3249	124.689	52	124.689	52
124	decode	4	0.841858	92.3883	122.152	52	124.689	52
125	decode	4	0.838226	91.9862	120.46	52	120.46	52
126	decode	4	0.837136	91.8631	122.195	52	127.401	52
127	decode	4	0.830107	91.0883	127.401	52	127.401	52
128	decode	4	0.824611	90.4818	127.401	52	127.401	52
129	decode	4	0.834285	91.5399	123.172	52	123.172	52
130	decode	4	0.830367	91.1066	123.172	52	123.172	52
131	decode	4	0.839102	92.0615	124.31	52	124.689	52
132	decode	4	0.84039	92.1993	124.689	52	124.689	52
133	decode	4	0.841364	92.3027	125.774	52	127.401	52
134	decode	4	0.837448	91.8697	127.401	52	127.401	52
135	decode	4	0.841658	92.3279	127.401	52	127.401	52
136	decode	4	0.842132	92.3765	125.883	52	125.883	52
137	decode	4	0.836948	91.8043	125.883	52	125.883	52
138	decode	4	0.841082	92.2544	124.786	52	125.883	52
139	decode	4	0.83881	92.0017	124.42	52	124.42	52
140	decode	4	0.836898	91.7884	127.313	52	129.242	52
141	decode	4	0.841878	92.3312	129.242	52	129.242	52
142	decode	4	0.839821	92.1021	128.564	52	129.242	52
143	decode	4	0.84008	92.127	126.53	52	126.53	52
144	decode	4	0.841072	92.2324	126.53	52	126.53	52
145	decode	4	0.841425	92.2676	121.053	52	121.053	52
146	decode	4	0.836502	91.7243	121.053	52	121.053	52
147	decode	4	0.84247	92.3752	133.748	52	137.979	52
148	decode	4	0.841466	92.2616	137.979	52	137.979	52
149	decode	4	0.842519	92.3736	133.089	52	137.979	52
150	decode	4	0.843961	92.5282	125.753	52	125.753	52
151	decode	4	0.841098	92.2108	125.753	52	125.753	52
152	decode	4	0.842921	92.4072	129.52	52	129.52	52
153	decode	4	0.84332	92.4475	129.52	52	129.52	52
154	decode	4	0.840084	92.0893	145.38	52	150.667	52
155	decode	4	0.843616	92.473	150.667	52	150.667	52
156	decode	4	0.843377	92.4432	142.208	52	150.667	52
157	decode	4	0.843661	92.4709	129.52	52	129.52	52
158	decode	4	0.843193	92.4161	129.52	52	129.52	52
159	decode	4	0.841007	92.1731	125.013	52	125.013	52
160	decode	4	0.838126	91.8538	125.013	52	125.013	52
161	decode	4	0.792129	86.8096	121.841	52	125.013	52
162	decode	4	0.831179	91.0856	120.783	52	120.783	52
163	decode	4	0.838588	91.894	124.388	52	127.994	52
164	decode	4	0.839978	92.0429	127.994	52	127.994	52
165	decode	4	0.837587	91.7774	126.802	52	127.994	52
166	decode	4	0.835211	91.5137	125.013	52	125.013	52
167	decode	4	0.842122	92.2675	125.013	52	125.013	52
168	decode	4	0.83843	91.8594	136.785	52	136.785	52
169	decode	4	0.839114	91.9309	136.785	52	136.785	52
170	decode	4	0.839083	91.924	131.336	52	136.785	52
171	decode	4	0.840205	92.0435	129.52	52	129.52	52
172	decode	4	0.831755	91.1144	126.97	52	129.52	52
173	decode	4	0.83836	91.8345	124.42	52	124.42	52
174	decode	4	0.836035	91.5763	124.116	52	124.42	52
175	decode	4	0.841474	92.1686	122.902	52	122.902	52
176	decode	4	0.841723	92.1925	122.902	52	122.902	52
177	decode	4	0.823773	90.223	139.561	52	143.726	52
178	decode	4	0.83763	91.7372	143.726	52	143.726	52
179	decode	4	0.839983	91.9914	135.86	52	143.726	52
180	decode	4	0.842347	92.2468	127.994	52	127.994	52
181	decode	4	0.827743	90.6441	127.1	52	127.994	52
182	decode	4	0.830519	90.9447	124.42	52	124.42	52
183	decode	4	0.838504	91.8156	124.42	52	124.42	52
184	decode	4	0.83731	91.6815	139.173	52	139.173	52
185	decode	4	0.841808	92.1705	139.173	52	139.173	52
186	decode	4	0.835086	91.4311	132.859	52	139.173	52
187	decode	4	0.843553	92.3546	128.649	52	128.649	52
188	decode	4	0.841464	92.1224	127.511	52	128.649	52
189	decode	4	0.835885	91.5082	124.096	52	124.096	52
190	decode	4	0.837401	91.6707	124.096	52	124.096	52
191	decode	4	0.84119	92.082	131.037	52	131.037	52
192	decode	4	0.84271	92.2449	131.037	52	131.037	52
193	decode	4	0.83319	91.1994	130.142	52	131.037	52
194	decode	4	0.835712	91.472	129.843	52	129.843	52
195	decode	4	0.83683	91.5909	128.576	52	129.843	52
196	decode	4	0.845542	92.5409	126.676	52	126.676	52
197	decode	4	0.844266	92.3979	127.237	52	128.919	52
198	decode	4	0.83818	91.7284	128.919	52	128.919	52
199	decode	4	0.843593	92.3172	128.919	52	128.919	52
200	decode	4	0.843267	92.2781	130.768	52	130.768	52
201	decode	4	0.844429	92.4017	130.768	52	130.768	52
202	decode	4	0.842345	92.1703	128.836	52	130.768	52
203	decode	4	0.841291	92.0515	128.192	52	128.192	52
204	decode	4	0.840241	91.9331	128.192	52	128.192	52
205	decode	4	0.84105	92.0181	128.192	52	128.192	52
206	decode	4	0.838341	91.7183	128.192	52	128.192	52
207	decode	4	0.841684	92.0806	130.113	52	130.113	52
208	decode	4	0.844876	92.4263	130.113	52	130.113	52
209	decode	4	0.842199	92.13	137.844	52	140.421	52
210	decode	4	0.843361	92.2536	140.421	52	140.421	52
211	decode	4	0.841827	92.0824	134.865	52.4	140.421	53
212	decode	4	0.843777	92.2922	126.53	53	126.53	53
213	decode	4	0.84235	92.1326	126.53	53	126.53	53
214	decode	4	0.840131	91.8865	124.42	53	124.42	53
215	decode	4	0.843199	92.2186	124.42	53	124.42	53
216	decode	4	0.843622	92.2614	122.386	53	124.42	53
217	decode	4	0.844608	92.3657	121.708	53	121.708	53
218	decode	4	0.841624	92.0359	125.314	53	128.919	53
219	decode	4	0.84067	91.9281	128.919	53	128.919	53
220	decode	4	0.842391	92.1128	127.862	53	128.919	53
221	decode	4	0.832311	91.0072	124.689	53	124.689	53
222	decode	4	0.840038	91.8486	124.689	53	124.689	53
223	decode	4	0.844337	92.3152	124.42	53	124.42	53
224	decode	4	0.843357	92.2046	124.42	53	124.42	53
225	decode	4	0.842573	92.1155	128.69	53	130.113	53
226	decode	4	0.842949	92.1531	130.113	53	130.113	53
227	decode	4	0.843316	92.1897	127.943	53	130.113	53
228	decode	4	0.842999	92.1516	124.689	53	124.689	53
229	decode	4	0.843179	92.1678	124.689	53	124.689	53
230	decode	4	0.839059	91.7141	126.207	52	126.207	52
231	decode	4	0.844377	92.2919	126.207	52	126.207	52
232	decode	4	0.844894	92.3448	130.725	52	132.231	52
233	decode	4	0.836536	91.4279	132.231	52	132.231	52
234	decode	4	0.844318	92.275	129.057	52.5	132.231	53
235	decode	4	0.843992	92.2359	125.883	53	125.883	53
236	decode	4	0.844386	92.2755	125.709	53	125.883	53
237	decode	4	0.844087	92.2393	125.013	53	125.013	53
238	decode	4	0.844794	92.3131	125.013	53	125.013	53
239	decode	4	0.844289	92.2545	138.603	53	143.133	53
240	decode	4	0.845294	92.3608	143.133	53	143.133	53
241	decode	4	0.839489	91.723	136.188	53	143.133	53
242	decode	4	0.843623	92.1713	129.242	53	129.242	53
243	decode	4	0.842354	92.0292	128.396	53	129.242	53
244	decode	4	0.843289	92.1279	125.013	53	125.013	53
245	decode	4	0.844018	92.2041	125.013	53	125.013	53
246	decode	4	0.84405	92.2041	128.326	53	128.326	53
247	decode	4	0.842798	92.0639	128.326	53	128.326	53
248	decode	4	0.843263	92.1112	129.666	53	130.113	53
249	decode	4	0.837978	91.5304	130.113	53	130.113	53
250	decode	4	0.843013	92.0769	128.322	53	130.113	53
251	decode	4	0.841765	91.9372	126.53	53	126.53	53
252	decode	4	0.843325	92.1041	128.635	53	137.054	53
253	decode	4	0.843182	92.085	137.054	53	137.054	53
254	decode	4	0.845663	92.3525	137.054	53	137.054	53
255	decode	4	0.84626	92.4143	131.848	53	137.054	53
