0	prefill	403.78	43.2163	7102.3	106.547	27.6667	108.349	49
1	decode	4.01315	0.772356	106.423	102.943	49	102.943	49
2	decode	4.01326	0.764367	105.316	102.943	49	102.943	49
3	decode	4.01337	0.781205	107.63	148.416	49	148.416	49
4	decode	4.01348	0.784543	108.084	148.416	49	148.416	49
5	decode	4.01359	0.784953	108.135	135.898	50	148.416	53
6	decode	4.0137	0.782635	107.81	123.379	53	123.379	53
7	decode	4.01381	0.790535	108.892	123.379	53	123.379	53
8	decode	4.01391	0.784618	108.071	122.486	53	123.379	53
9	decode	4.01402	0.757506	104.331	122.189	53	122.189	53
10	decode	4.01413	0.784367	108.025	122.189	53	122.189	53
11	decode	4.01424	0.790575	108.874	117.972	41	117.972	41
12	decode	4.01435	0.787219	108.406	117.972	41	117.972	41
13	decode	4.01445	0.792098	109.072	118.784	41	120.407	41
14	decode	4.01456	0.78977	108.746	120.407	41	120.407	41
15	decode	4.01467	0.788138	108.515	120.407	41	120.407	41
16	decode	4.01478	0.791375	108.955	125.634	41	128.248	41
17	decode	4.01489	0.754364	103.854	128.248	41	128.248	41
18	decode	4.015	0.787226	108.372	128.248	41	128.248	41
19	decode	4.0151	0.789419	108.668	118.549	41	118.549	41
20	decode	4.01521	0.787952	108.46	118.549	41	118.549	41
21	decode	4.01532	0.781735	107.598	118.845	41	119.734	41
22	decode	4.01543	0.788521	108.527	119.734	41	119.734	41
23	decode	4.01554	0.787776	108.418	119.734	41	119.734	41
24	decode	4.01565	0.77348	106.445	121.749	41	123.765	41
25	decode	4.01575	0.789106	108.589	123.765	41	123.765	41
26	decode	4.01586	0.785544	108.093	123.765	41	123.765	41
27	decode	4.01597	0.790107	108.715	120.928	41	123.765	41
28	decode	4.01608	0.788073	108.43	119.983	41	119.983	41
29	decode	4.01619	0.788131	108.432	119.983	41	119.983	41
30	decode	4.01629	0.78548	108.061	120.46	41	120.46	41
31	decode	4.0164	0.787841	108.38	120.46	41	120.46	41
32	decode	4.01651	0.784128	107.864	120.608	41	121.053	41
33	decode	4.01662	0.787039	108.258	121.053	41	121.053	41
34	decode	4.01673	0.787987	108.383	121.053	41	121.053	41
35	decode	4.01684	0.791451	108.853	125.612	41	127.131	41
36	decode	4.01694	0.757435	104.169	127.131	41	127.131	41
37	decode	4.01705	0.783046	107.686	124.406	41	127.131	41
38	decode	4.01716	0.788356	108.41	116.23	41	116.23	41
39	decode	4.01727	0.764397	105.11	116.23	41	116.23	41
40	decode	4.01738	0.77849	107.042	118.969	41	121.708	41
41	decode	4.01748	0.786953	108.2	121.708	41	121.708	41
42	decode	4.01759	0.785877	108.046	121.708	41	121.708	41
43	decode	4.0177	0.789285	108.508	125.978	41	127.401	41
44	decode	4.01781	0.784582	107.856	127.401	41	127.401	41
45	decode	4.01792	0.789014	108.459	127.401	41	127.401	41
46	decode	4.01803	0.787729	108.277	119.266	41	119.266	41
47	decode	4.01813	0.785948	108.026	119.266	41	119.266	41
48	decode	4.01824	0.760739	104.556	119.445	41	119.983	41
49	decode	4.01835	0.769817	105.798	119.983	41	119.983	41
50	decode	4.01846	0.76713	105.423	119.983	41	119.983	41
51	decode	4.01857	0.77336	106.273	123.027	41	124.549	41
52	decode	4.01867	0.769551	105.744	124.549	41	124.549	41
53	decode	4.01878	0.780026	107.178	124.549	41	124.549	41
54	decode	4.01889	0.781439	107.366	118.796	40	118.796	40
55	decode	4.019	0.778381	106.94	118.796	40	118.796	40
56	decode	4.01911	0.779149	107.04	119.524	40	121.708	40
57	decode	4.01921	0.781636	107.375	121.708	40	121.708	40
58	decode	4.01932	0.788133	108.262	121.708	40	121.708	40
59	decode	4.01943	0.78363	107.638	123.129	40.5	124.549	41
60	decode	4.01954	0.782835	107.523	124.549	41	124.549	41
61	decode	4.01965	0.784061	107.685	124.549	41	124.549	41
62	decode	4.01975	0.784249	107.705	118.942	41	118.942	41
63	decode	4.01986	0.78424	107.698	118.942	41	118.942	41
64	decode	4.01997	0.786016	107.936	119.998	41	121.053	41
65	decode	4.02008	0.788912	108.328	121.053	41	121.053	41
66	decode	4.02019	0.762404	104.683	121.053	41	121.053	41
67	decode	4.02029	0.785878	107.9	120.85	41	121.053	41
68	decode	4.0204	0.786443	107.972	120.783	41	120.783	41
69	decode	4.02051	0.785615	107.852	120.783	41	120.783	41
70	decode	4.02062	0.773865	106.233	127.725	41	127.725	41
71	decode	4.02073	0.784586	107.699	127.725	41	127.725	41
72	decode	4.02083	0.771615	105.913	126.088	41	127.725	41
73	decode	4.02094	0.785265	107.781	121.179	41	121.179	41
74	decode	4.02105	0.780089	107.065	121.179	41	121.179	41
75	decode	4.02116	0.764691	104.946	122.107	41	122.571	41
76	decode	4.02127	0.776517	106.563	122.571	41	122.571	41
77	decode	4.02137	0.791914	108.67	122.571	41	122.571	41
78	decode	4.02148	0.791547	108.614	124.689	41	124.689	41
79	decode	4.02159	0.788695	108.217	124.689	41	124.689	41
80	decode	4.0217	0.788784	108.223	123.863	41	124.689	41
81	decode	4.02181	0.790828	108.498	121.384	41	121.384	41
82	decode	4.02191	0.7892	108.268	121.384	41	121.384	41
83	decode	4.02202	0.790879	108.493	121.843	41	122.301	41
84	decode	4.02213	0.780519	107.066	122.301	41	122.301	41
85	decode	4.02224	0.789971	108.357	122.301	41	122.301	41
86	decode	4.02234	0.792542	108.703	123.89	41.75	124.42	42
87	decode	4.02245	0.790712	108.447	124.42	42	124.42	42
88	decode	4.02256	0.790093	108.356	124.42	42	124.42	42
89	decode	4.02267	0.795782	109.13	119.859	42	119.859	42
90	decode	4.02278	0.794076	108.89	119.859	42	119.859	42
91	decode	4.02288	0.788992	108.187	120.321	42	120.783	42
92	decode	4.02299	0.790297	108.36	120.783	42	120.783	42
93	decode	4.0231	0.791013	108.453	120.783	42	120.783	42
94	decode	4.02321	0.792258	108.618	122.372	42	122.902	42
95	decode	4.02331	0.785516	107.688	122.902	42	122.902	42
96	decode	4.02342	0.788841	108.137	122.902	42	122.902	42
97	decode	4.02353	0.790671	108.383	128.649	42	128.649	42
98	decode	4.02364	0.792694	108.654	128.649	42	128.649	42
99	decode	4.02375	0.791818	108.528	126.117	42	128.649	42
100	decode	4.02385	0.790788	108.381	121.053	42	121.053	42
101	decode	4.02396	0.789382	108.182	121.053	42	121.053	42
102	decode	4.02407	0.774711	106.166	122.466	42	123.172	42
103	decode	4.02418	0.783158	107.318	123.172	42	123.172	42
104	decode	4.02428	0.793816	108.773	123.172	42	123.172	42
105	decode	4.02439	0.790774	108.35	126.808	42	126.808	42
106	decode	4.0245	0.790052	108.245	126.808	42	126.808	42
107	decode	4.02461	0.789212	108.124	125.102	41.75	126.808	42
108	decode	4.02472	0.790165	108.249	119.983	41	119.983	41
109	decode	4.02482	0.789765	108.188	119.983	41	119.983	41
110	decode	4.02493	0.789938	108.206	120.846	41	121.708	41
111	decode	4.02504	0.783669	107.342	121.708	41	121.708	41
112	decode	4.02515	0.789861	108.184	121.708	41	121.708	41
113	decode	4.02525	0.753358	103.179	123.048	41.75	123.495	42
114	decode	4.02536	0.770683	105.546	123.495	42	123.495	42
115	decode	4.02547	0.782861	107.208	122.767	42	123.495	42
116	decode	4.02558	0.781151	106.968	120.585	42	120.585	42
117	decode	4.02569	0.779696	106.763	120.585	42	120.585	42
118	decode	4.02579	0.781301	106.977	120.819	42	121.053	42
119	decode	4.0259	0.77825	106.554	121.053	42	121.053	42
120	decode	4.02601	0.778958	106.645	121.053	42	121.053	42
121	decode	4.02612	0.780718	106.88	122.301	42	122.301	42
122	decode	4.02622	0.780485	106.842	122.301	42	122.301	42
123	decode	4.02633	0.781423	106.965	123.911	41.6667	127.131	42
124	decode	4.02644	0.778382	106.543	127.131	41	127.131	41
125	decode	4.02655	0.772744	105.766	127.131	41	127.131	41
126	decode	4.02665	0.775085	106.08	123.266	41	127.131	41
127	decode	4.02676	0.782424	107.079	121.977	41	121.977	41
128	decode	4.02687	0.780165	106.764	121.977	41	121.977	41
129	decode	4.02698	0.784434	107.342	123.172	41	123.172	41
130	decode	4.02708	0.778351	106.504	123.172	41	123.172	41
131	decode	4.02719	0.783904	107.258	124.907	41	130.113	41
132	decode	4.0273	0.784228	107.297	130.113	41	130.113	41
133	decode	4.02741	0.786327	107.578	130.113	41	130.113	41
134	decode	4.02752	0.784751	107.357	125.749	41	130.113	41
135	decode	4.02762	0.78776	107.763	121.384	41	121.384	41
136	decode	4.02773	0.786878	107.636	121.384	41	121.384	41
137	decode	4.02784	0.790064	108.066	120.19	41	120.19	41
138	decode	4.02795	0.788878	107.898	120.19	41	120.19	41
139	decode	4.02805	0.768103	105.051	122.406	41	129.053	41
140	decode	4.02816	0.782402	107.001	129.053	41	129.053	41
141	decode	4.02827	0.788981	107.895	129.053	41	129.053	41
142	decode	4.02838	0.795222	108.743	125.977	41	129.053	41
143	decode	4.02848	0.794205	108.598	122.902	41	122.902	41
144	decode	4.02859	0.796709	108.934	122.902	41	122.902	41
145	decode	4.0287	0.76446	104.519	122.902	41.75	122.902	42
146	decode	4.02881	0.791759	108.246	122.902	42	122.902	42
147	decode	4.02891	0.794645	108.634	122.902	42	122.902	42
148	decode	4.02902	0.794164	108.563	125.282	42	125.282	42
149	decode	4.02913	0.789349	107.899	125.282	42	125.282	42
150	decode	4.02924	0.793901	108.515	122.767	42	125.282	42
151	decode	4.02934	0.789748	107.942	121.51	42	121.51	42
152	decode	4.02945	0.797681	109.02	121.51	42	121.51	42
153	decode	4.02956	0.792086	108.25	122.571	42	122.571	42
154	decode	4.02967	0.790304	108	122.571	42	122.571	42
155	decode	4.02977	0.789917	107.942	122.504	42	122.571	42
156	decode	4.02988	0.781668	106.809	122.301	42	122.301	42
157	decode	4.02999	0.791901	108.201	122.301	42	122.301	42
158	decode	4.0301	0.792469	108.273	124.092	42	125.883	42
159	decode	4.0302	0.792957	108.334	125.883	42	125.883	42
160	decode	4.03031	0.790421	107.982	125.883	42	125.883	42
161	decode	4.03042	0.794918	108.59	121.707	42	125.883	42
162	decode	4.03053	0.793239	108.355	120.315	42	120.315	42
163	decode	4.03063	0.792508	108.249	120.315	42	120.315	42
164	decode	4.03074	0.794699	108.543	122.571	42	122.571	42
165	decode	4.03085	0.798595	109.069	122.571	42	122.571	42
166	decode	4.03095	0.78712	107.496	123.332	42	125.614	42
167	decode	4.03106	0.794777	108.536	125.614	42	125.614	42
168	decode	4.03117	0.793402	108.342	125.614	42	125.614	42
169	decode	4.03128	0.791442	108.069	123.499	42	125.614	42
170	decode	4.03138	0.791361	108.052	121.384	42	121.384	42
171	decode	4.03149	0.792474	108.198	121.384	42	121.384	42
172	decode	4.0316	0.796547	108.748	121.829	42	121.977	42
173	decode	4.03171	0.785831	107.28	121.977	42	121.977	42
174	decode	4.03181	0.790438	107.903	121.977	42	121.977	42
175	decode	4.03192	0.795421	108.577	123.299	42	123.299	42
176	decode	4.03203	0.797664	108.878	123.299	42	123.299	42
177	decode	4.03214	0.775339	105.825	126.322	42	132.369	42
178	decode	4.03224	0.787826	107.523	132.369	42	132.369	42
179	decode	4.03235	0.776722	106.002	132.369	42	132.369	42
180	decode	4.03246	0.786637	107.349	119.859	42	119.859	42
181	decode	4.03256	0.791892	108.061	119.859	42	119.859	42
182	decode	4.03267	0.794265	108.379	120.501	42	122.428	42
183	decode	4.03278	0.796893	108.731	122.428	42	122.428	42
184	decode	4.03289	0.796959	108.735	122.428	42	122.428	42
185	decode	4.03299	0.794774	108.431	125.835	42	129.242	42
186	decode	4.0331	0.790182	107.798	129.242	42	129.242	42
187	decode	4.03321	0.795001	108.45	129.242	42	129.242	42
188	decode	4.03332	0.791441	107.959	123.888	42	129.242	42
189	decode	4.03342	0.799622	109.069	122.104	42	122.104	42
190	decode	4.03353	0.774789	105.676	122.104	42	122.104	42
191	decode	4.03364	0.76706	104.616	123.299	42	123.299	42
192	decode	4.03375	0.786076	107.204	123.299	42	123.299	42
193	decode	4.03385	0.791711	107.966	123.96	42	125.282	42
194	decode	4.03396	0.778977	106.224	125.282	42	125.282	42
195	decode	4.03407	0.790603	107.804	125.282	42	125.282	42
196	decode	4.03417	0.78554	107.108	122.11	42	125.282	42
197	decode	4.03428	0.791909	107.97	121.053	42	121.053	42
198	decode	4.03439	0.790827	107.817	121.053	42	121.053	42
199	decode	4.0345	0.792586	108.051	121.834	42	121.834	42
200	decode	4.0346	0.790897	107.815	121.834	42	121.834	42
201	decode	4.03471	0.791435	107.882	122.58	42	124.819	42
202	decode	4.03482	0.796174	108.523	124.819	42	124.819	42
203	decode	4.03492	0.787682	107.359	124.819	42	124.819	42
204	decode	4.03503	0.792074	107.952	126.801	42	128.783	42
205	decode	4.03514	0.792159	107.958	128.783	42	128.783	42
206	decode	4.03525	0.789977	107.655	128.783	42	128.783	42
207	decode	4.03535	0.79409	108.21	124.017	42	128.783	42
208	decode	4.03546	0.791488	107.849	122.428	42	122.428	42
209	decode	4.03557	0.792381	107.965	122.428	42	122.428	42
210	decode	4.03567	0.790257	107.67	124.225	42	124.225	42
211	decode	4.03578	0.791293	107.805	124.225	42	124.225	42
212	decode	4.03589	0.791914	107.884	126.162	42	126.808	42
213	decode	4.036	0.792234	107.922	126.808	42	126.808	42
214	decode	4.0361	0.791249	107.782	126.808	42	126.808	42
215	decode	4.03621	0.790468	107.67	123.172	42	123.172	42
216	decode	4.03632	0.791616	107.82	123.172	42	123.172	42
217	decode	4.03642	0.796704	108.508	122.725	42	123.172	42
218	decode	4.03653	0.792264	107.897	121.384	42	121.384	42
219	decode	4.03664	0.791004	107.72	121.384	42	121.384	42
220	decode	4.03675	0.793246	108.019	124.023	42	126.662	42
221	decode	4.03685	0.792355	107.892	126.662	42	126.662	42
222	decode	4.03696	0.794664	108.201	126.662	42	126.662	42
223	decode	4.03707	0.793213	107.997	131.775	42	133.48	42
224	decode	4.03717	0.790108	107.569	133.48	42	133.48	42
225	decode	4.03728	0.797183	108.526	133.48	42	133.48	42
226	decode	4.03739	0.79035	107.59	122.902	42	122.902	42
227	decode	4.0375	0.795094	108.23	122.902	42	122.902	42
228	decode	4.0376	0.797708	108.58	123.451	42	124.549	42
229	decode	4.03771	0.767434	104.454	124.549	42	124.549	42
230	decode	4.03782	0.784745	106.805	124.549	42	124.549	42
231	decode	4.03792	0.794768	108.163	128.17	42	129.377	42
232	decode	4.03803	0.795751	108.291	129.377	42	129.377	42
233	decode	4.03814	0.795168	108.206	129.377	42	129.377	42
234	decode	4.03824	0.794284	108.08	123.03	42	123.03	42
235	decode	4.03835	0.780234	106.162	123.03	42	123.03	42
236	decode	4.03846	0.795521	108.236	123.477	42	124.819	42
237	decode	4.03857	0.792208	107.78	124.819	42	124.819	42
238	decode	4.03867	0.795156	108.175	124.819	42	124.819	42
239	decode	4.03878	0.79466	108.102	127.792	42	128.783	42
240	decode	4.03889	0.793661	107.96	128.783	42	128.783	42
241	decode	4.03899	0.795799	108.245	128.783	42	128.783	42
242	decode	4.0391	0.781179	106.251	121.977	42	121.977	42
243	decode	4.03921	0.794137	108.008	121.977	42	121.977	42
244	decode	4.03931	0.794499	108.051	122.924	42	124.819	42
245	decode	4.03942	0.795506	108.182	124.819	42	124.819	42
246	decode	4.03953	0.799145	108.671	124.819	42	124.819	42
247	decode	4.03963	0.797951	108.503	126.844	42	127.857	42
248	decode	4.03974	0.794756	108.063	127.857	42	127.857	42
249	decode	4.03985	0.799125	108.651	127.857	42	127.857	42
250	decode	4.03996	0.799225	108.659	127.857	42	127.857	42
251	decode	4.04006	0.79136	107.584	127.857	42	127.857	42
252	decode	4.04017	0.797133	108.363	128.502	42	130.436	42
253	decode	4.04028	0.798575	108.553	130.436	42	130.436	42
254	decode	4.04038	0.795468	108.125	130.436	42	130.436	42
255	decode	4.04049	0.798971	108.595	127.101	42	130.436	42
