0	prefill	214.414	112.877	8629.07	194.643	34	194.643	52
1	decode	4.00287	3.38356	238.88	194.643	52	194.643	52
2	decode	4.00292	3.39145	239.43	194.643	52	194.643	52
3	decode	4.00297	3.38418	238.91	194.643	52	194.643	52
4	decode	4.00301	3.38379	238.876	194.643	52	194.643	52
5	decode	4.00306	3.39829	239.893	214.716	52	234.788	52
6	decode	4.00311	3.40017	240.019	234.788	52	234.788	52
7	decode	4.00316	3.39827	239.878	234.788	52	234.788	52
8	decode	4.00321	3.26299	230.322	234.788	52	234.788	52
9	decode	4.00326	3.3817	238.695	234.788	52	234.788	52
10	decode	4.00331	3.40018	239.993	234.788	52	234.788	52
11	decode	4.00335	3.41185	240.809	232.994	70	234.788	88
12	decode	4.0034	3.40363	240.222	231.199	88	231.199	88
13	decode	4.00345	3.37782	238.394	231.199	88	231.199	88
14	decode	4.0035	3.4049	240.298	231.199	88	231.199	88
15	decode	4.00355	3.41345	240.895	231.199	88	231.199	88
16	decode	4.0036	3.36236	237.283	231.199	88	231.199	88
17	decode	4.00365	3.35714	236.908	231.812	88	232.424	88
18	decode	4.00369	3.40057	239.966	232.424	88	232.424	88
19	decode	4.00374	3.41865	241.235	232.424	88	232.424	88
20	decode	4.00379	3.36094	237.155	232.424	88	232.424	88
21	decode	4.00384	3.40796	240.467	232.424	88	232.424	88
22	decode	4.00389	3.39775	239.74	232.424	88	232.424	88
23	decode	4.00394	3.41359	240.85	232.41	88	232.424	88
24	decode	4.00399	3.38997	239.177	232.395	88	232.395	88
25	decode	4.00403	3.40591	240.295	232.395	88	232.395	88
26	decode	4.00408	3.41294	240.784	232.395	88	232.395	88
27	decode	4.00413	3.38877	239.072	232.395	88	232.395	88
28	decode	4.00418	3.21345	226.697	232.395	88	232.395	88
29	decode	4.00423	3.34496	235.968	229.678	88	232.395	88
30	decode	4.00428	3.40231	240.007	226.96	88	226.96	88
31	decode	4.00432	3.40125	239.925	226.96	88	226.96	88
32	decode	4.00437	3.3914	239.224	226.96	88	226.96	88
33	decode	4.00442	3.40905	240.462	226.96	88	226.96	88
34	decode	4.00447	3.40594	240.235	226.96	88	226.96	88
35	decode	4.00452	3.40777	240.358	229.678	87.5	232.395	88
36	decode	4.00457	3.39874	239.714	232.395	87	232.395	87
37	decode	4.00462	3.40182	239.925	232.395	87	232.395	87
38	decode	4.00466	3.42875	241.817	232.395	87	232.395	87
39	decode	4.00471	3.39138	239.175	232.395	87	232.395	87
40	decode	4.00476	3.38856	238.969	232.395	87	232.395	87
41	decode	4.00481	3.3933	239.297	232.113	87	232.395	87
42	decode	4.00486	3.39071	239.107	231.83	87	231.83	87
43	decode	4.00491	3.41448	240.777	231.83	87	231.83	87
44	decode	4.00496	3.4127	240.644	231.83	87	231.83	87
45	decode	4.005	3.33036	234.831	231.83	87	231.83	87
46	decode	4.00505	3.35073	236.261	231.83	87	231.83	87
47	decode	4.0051	3.41235	240.599	231.653	87.5	231.83	88
48	decode	4.00515	3.41086	240.487	231.476	88	231.476	88
49	decode	4.0052	3.40587	240.129	231.476	88	231.476	88
50	decode	4.00525	3.37147	237.696	231.476	88	231.476	88
51	decode	4.00529	3.37786	238.14	231.476	88	231.476	88
52	decode	4.00534	3.38872	238.9	231.476	88	231.476	88
53	decode	4.00539	3.39818	239.559	231.218	88	231.476	88
54	decode	4.00544	3.41189	240.519	230.959	88	230.959	88
55	decode	4.00549	3.40048	239.708	230.959	88	230.959	88
56	decode	4.00554	3.39936	239.622	230.959	88	230.959	88
57	decode	4.00559	3.40566	240.06	230.959	88	230.959	88
58	decode	4.00563	3.39897	239.581	230.959	88	230.959	88
59	decode	4.00568	3.41108	240.428	231.858	88	232.756	88
60	decode	4.00573	3.41143	240.446	232.756	88	232.756	88
61	decode	4.00578	3.39907	239.568	232.756	88	232.756	88
62	decode	4.00583	3.39098	238.991	232.756	88	232.756	88
63	decode	4.00588	3.40951	240.29	232.756	88	232.756	88
64	decode	4.00593	3.38343	238.445	232.756	88	232.756	88
65	decode	4.00597	3.40486	239.948	231.237	88	231.237	88
66	decode	4.00602	3.4051	239.959	231.237	88	231.237	88
67	decode	4.00607	3.39729	239.402	231.237	88	231.237	88
68	decode	4.00612	3.39617	239.316	231.237	88	231.237	88
69	decode	4.00617	3.41082	240.341	231.237	88	231.237	88
70	decode	4.00622	3.37063	237.503	231.237	88	231.237	88
71	decode	4.00626	0.616764	43.4575	232.665	88	232.665	88
72	decode	4.00631	3.32599	234.344	208.888	88	232.665	88
73	decode	4.00636	3.36169	236.853	185.112	88	185.112	88
74	decode	4.00641	3.21101	226.23	185.112	88	185.112	88
75	decode	4.00646	3.35648	236.473	185.112	88	185.112	88
76	decode	4.00651	3.37139	237.516	185.112	88	185.112	88
77	decode	4.00656	3.36632	237.153	185.112	88	185.112	88
78	decode	4.0066	3.35575	236.401	207.53	71	229.948	88
79	decode	4.00665	3.36322	236.92	229.948	54	229.948	54
80	decode	4.0067	3.36288	236.89	229.948	54	229.948	54
81	decode	4.00675	3.24705	228.724	229.948	54	229.948	54
82	decode	4.0068	3.31881	233.772	229.948	54	229.948	54
83	decode	4.00685	3.36941	237.329	229.948	54	229.948	54
84	decode	4.00689	3.35936	236.615	230.593	54	231.237	54
85	decode	4.00694	3.36863	237.261	231.237	54	231.237	54
86	decode	4.00699	3.3823	238.217	231.237	54	231.237	54
87	decode	4.00704	3.3678	237.19	231.237	54	231.237	54
88	decode	4.00709	3.3742	237.633	231.237	54	231.237	54
89	decode	4.00714	3.38304	238.25	231.237	54	231.237	54
90	decode	4.00718	3.35396	236.195	231.951	70.5	232.665	87
91	decode	4.00723	3.3733	237.55	232.665	87	232.665	87
92	decode	4.00728	3.37313	237.531	232.665	87	232.665	87
93	decode	4.00733	3.36168	236.718	232.665	87	232.665	87
94	decode	4.00738	3.17059	223.256	232.665	87	232.665	87
95	decode	4.00743	3.37451	237.608	232.665	87	232.665	87
96	decode	4.00748	3.35441	236.186	228.244	87	228.244	87
97	decode	4.00752	3.35428	236.171	228.244	87	228.244	87
98	decode	4.00757	3.37389	237.544	228.244	87	228.244	87
99	decode	4.00762	3.37789	237.819	228.244	87	228.244	87
100	decode	4.00767	3.34689	235.63	228.244	87	228.244	87
101	decode	4.00772	3.35924	236.493	228.244	87	228.244	87
102	decode	4.00777	3.37162	237.358	230.635	87	230.635	87
103	decode	4.00781	3.35781	236.379	230.635	87	230.635	87
104	decode	4.00786	3.361	236.597	230.635	87	230.635	87
105	decode	4.00791	3.37349	237.47	230.635	87	230.635	87
106	decode	4.00796	3.35615	236.242	230.635	87	230.635	87
107	decode	4.00801	3.35005	235.806	230.635	87	230.635	87
108	decode	4.00806	3.37297	237.413	228.244	87	228.244	87
109	decode	4.0081	3.3528	235.986	228.244	87	228.244	87
110	decode	4.00815	3.351	235.853	228.244	87	228.244	87
111	decode	4.0082	3.35497	236.125	228.244	87	228.244	87
112	decode	4.00825	3.36629	236.915	228.244	87	228.244	87
113	decode	4.0083	3.12496	219.925	228.244	87	228.244	87
114	decode	4.00835	3.32735	234.162	231.476	87	231.476	87
115	decode	4.0084	3.3698	237.142	231.476	87	231.476	87
116	decode	4.00844	3.35322	235.969	231.476	87	231.476	87
117	decode	4.00849	3.35014	235.746	231.476	87	231.476	87
118	decode	4.00854	3.36224	236.591	231.476	87	231.476	87
119	decode	4.00859	3.35998	236.425	231.476	87	231.476	87
120	decode	4.00864	3.3597	236.398	230.28	87	230.28	87
121	decode	4.00869	3.3727	237.306	230.28	87	230.28	87
122	decode	4.00873	3.35331	235.935	230.28	87	230.28	87
123	decode	4.00878	3.34813	235.564	230.28	87	230.28	87
124	decode	4.00883	3.36076	236.447	230.28	87	230.28	87
125	decode	4.00888	3.37001	237.09	227.327	87	227.327	87
126	decode	4.00893	3.35688	236.16	227.327	87	227.327	87
127	decode	4.00898	3.36716	236.877	227.327	87	227.327	87
128	decode	4.00902	3.36615	236.799	227.327	87	227.327	87
129	decode	4.00907	3.36942	237.022	227.327	87	227.327	87
130	decode	4.00912	3.36419	236.647	227.327	87	227.327	87
131	decode	4.00917	3.37387	237.322	238.509	87	238.509	87
132	decode	4.00922	3.36342	236.58	238.509	87	238.509	87
133	decode	4.00927	3.3816	237.852	238.509	87	238.509	87
134	decode	4.00931	3.36935	236.983	238.509	87	238.509	87
135	decode	4.00936	3.36368	236.578	238.509	87	238.509	87
136	decode	4.00941	3.32857	234.102	238.509	87	238.509	87
137	decode	4.00946	3.35222	235.759	231.199	87	231.199	87
138	decode	4.00951	3.36366	236.557	231.199	87	231.199	87
139	decode	4.00956	3.22852	227.046	231.199	87	231.199	87
140	decode	4.0096	3.37541	237.37	231.199	87	231.199	87
141	decode	4.00965	3.37573	237.385	231.199	87	231.199	87
142	decode	4.0097	3.35748	236.096	231.199	87	231.199	87
143	decode	4.00975	3.36644	236.719	233.08	87	233.08	87
144	decode	4.0098	3.37136	237.058	233.08	87	233.08	87
145	decode	4.00985	3.36626	236.693	233.08	87	233.08	87
146	decode	4.00989	3.3724	237.118	233.08	87	233.08	87
147	decode	4.00994	3.37435	237.248	233.08	87	233.08	87
148	decode	4.00999	3.376	237.358	233.08	87	233.08	87
149	decode	4.01004	3.37131	237.021	233.35	87	233.35	87
150	decode	4.01009	3.36758	236.753	233.35	87	233.35	87
151	decode	4.01014	3.36432	236.517	233.35	87	233.35	87
152	decode	4.01018	3.36766	236.744	233.35	87	233.35	87
153	decode	4.01023	3.37552	237.29	233.35	87	233.35	87
154	decode	4.01028	3.36287	236.394	233.35	87	233.35	87
155	decode	4.01033	3.36055	236.224	232.756	87	232.756	87
156	decode	4.01038	3.37242	237.052	232.756	87	232.756	87
157	decode	4.01043	3.36584	236.583	232.756	87	232.756	87
158	decode	4.01047	3.3707	236.918	232.756	87	232.756	87
159	decode	4.01052	3.37506	237.218	232.756	87	232.756	87
160	decode	4.01057	3.36511	236.512	232.756	87	232.756	87
161	decode	4.01062	3.37087	236.91	232.756	87	232.756	87
162	decode	4.01067	3.36893	236.767	232.756	87	232.756	87
163	decode	4.01072	3.36993	236.831	232.756	87	232.756	87
164	decode	4.01076	3.35388	235.696	232.756	87	232.756	87
165	decode	4.01081	3.3699	236.815	232.756	87	232.756	87
166	decode	4.01086	3.36839	236.702	232.756	87	232.756	87
167	decode	4.01091	3.34549	235.086	232.756	87	232.756	87
168	decode	4.01096	3.3786	237.406	232.756	87	232.756	87
169	decode	4.01101	3.37502	237.148	232.756	87	232.756	87
170	decode	4.01105	3.37428	237.089	232.756	87	232.756	87
171	decode	4.0111	3.37139	236.88	232.756	87	232.756	87
172	decode	4.01115	3.36695	236.561	232.756	87	232.756	87
173	decode	4.0112	3.35865	235.971	230.635	87	230.635	87
174	decode	4.01125	3.35086	235.418	230.635	87	230.635	87
175	decode	4.0113	3.3629	236.257	230.635	87	230.635	87
176	decode	4.01134	3.36629	236.488	230.635	87	230.635	87
177	decode	4.01139	3.35716	235.84	230.635	87	230.635	87
178	decode	4.01144	3.37197	236.874	231.353	87	232.071	87
179	decode	4.01149	3.37769	237.269	232.071	87	232.071	87
180	decode	4.01154	3.36277	236.214	232.071	87	232.071	87
181	decode	4.01159	3.35886	235.933	232.071	87	232.071	87
182	decode	4.01163	3.37532	237.082	232.071	87	232.071	87
183	decode	4.01168	3.35576	235.702	232.071	87	232.071	87
184	decode	4.01173	3.36854	236.593	231.635	87	232.071	87
185	decode	4.01178	3.36978	236.673	231.199	87	231.199	87
186	decode	4.01183	3.34776	235.12	231.199	87	231.199	87
187	decode	4.01188	3.36158	236.084	231.199	87	231.199	87
188	decode	4.01192	3.36191	236.1	231.199	87	231.199	87
189	decode	4.01197	3.35172	235.378	231.199	87	231.199	87
190	decode	4.01202	3.34737	235.066	230.62	87	231.199	87
191	decode	4.01207	3.39653	238.511	230.041	87	230.041	87
192	decode	4.01212	3.38134	237.438	230.041	87	230.041	87
193	decode	4.01216	3.35261	235.414	230.041	87	230.041	87
194	decode	4.01221	3.32232	233.281	230.041	87	230.041	87
195	decode	4.01226	3.36491	236.265	230.041	87	230.041	87
196	decode	4.01231	3.31649	232.858	230.041	87	230.041	87
197	decode	4.01236	3.38289	237.513	230.041	87	230.041	87
198	decode	4.01241	3.40067	238.755	230.041	87	230.041	87
199	decode	4.01245	3.35517	235.554	230.041	87	230.041	87
200	decode	4.0125	3.39017	238.004	230.041	87	230.041	87
201	decode	4.01255	3.38603	237.707	230.041	87	230.041	87
202	decode	4.0126	3.37567	236.973	228.157	87	228.157	87
203	decode	4.01265	3.38837	237.858	228.157	87	228.157	87
204	decode	4.0127	3.05197	214.237	228.157	87	228.157	87
205	decode	4.01274	3.31845	232.937	228.157	87	228.157	87
206	decode	4.01279	3.36221	236.002	228.157	87	228.157	87
207	decode	4.01284	3.36093	235.905	234.352	87	240.547	87
208	decode	4.01289	3.35205	235.275	240.547	87	240.547	87
209	decode	4.01294	3.35455	235.444	240.547	87	240.547	87
210	decode	4.01299	3.34458	234.738	240.547	87	240.547	87
211	decode	4.01303	3.37713	237.016	240.547	87	240.547	87
212	decode	4.01308	3.35678	235.581	240.547	87	240.547	87
213	decode	4.01313	3.35255	235.277	236.606	87	240.547	87
214	decode	4.01318	3.35872	235.703	232.665	87	232.665	87
215	decode	4.01323	3.37269	236.677	232.665	87	232.665	87
216	decode	4.01327	3.36794	236.337	232.665	87	232.665	87
217	decode	4.01332	3.3487	234.981	232.665	87	232.665	87
218	decode	4.01337	3.37274	236.661	232.665	87	232.665	87
219	decode	4.01342	3.36538	236.138	232.831	86.5	232.997	87
220	decode	4.01347	3.37173	236.577	232.997	86	232.997	86
221	decode	4.01352	3.36972	236.429	232.997	86	232.997	86
222	decode	4.01356	3.36657	236.201	232.997	86	232.997	86
223	decode	4.01361	3.35356	235.282	232.997	86	232.997	86
224	decode	4.01366	3.36609	236.154	232.997	86	232.997	86
225	decode	4.01371	3.34534	234.692	233.596	86	234.194	86
226	decode	4.01376	3.35772	235.554	234.194	86	234.194	86
227	decode	4.01381	3.35962	235.681	234.194	86	234.194	86
228	decode	4.01385	3.36251	235.877	234.194	86	234.194	86
229	decode	4.0139	3.37443	236.706	234.194	86	234.194	86
230	decode	4.01395	3.369	236.319	234.194	86	234.194	86
231	decode	4.014	3.37136	236.478	233.012	86.5	234.194	87
232	decode	4.01405	3.36723	236.181	231.83	87	231.83	87
233	decode	4.01409	3.38091	237.134	231.83	87	231.83	87
234	decode	4.01414	3.36178	235.785	231.83	87	231.83	87
235	decode	4.01419	3.36332	235.887	231.83	87	231.83	87
236	decode	4.01424	3.37323	236.576	231.83	87	231.83	87
237	decode	4.01429	3.39089	237.807	233.592	87	233.592	87
238	decode	4.01434	3.3529	235.136	233.592	87	233.592	87
239	decode	4.01438	3.3745	236.644	233.592	87	233.592	87
240	decode	4.01443	3.37149	236.427	233.592	87	233.592	87
241	decode	4.01448	3.36683	236.093	233.592	87	233.592	87
242	decode	4.01453	3.35429	235.207	233.592	87	233.592	87
243	decode	4.01458	3.37788	236.855	229.44	87	229.44	87
244	decode	4.01462	3.35664	235.359	229.44	87	229.44	87
245	decode	4.01467	3.36741	236.107	229.44	87	229.44	87
246	decode	4.01472	3.37327	236.511	229.44	87	229.44	87
247	decode	4.01477	3.3729	236.479	229.44	87	229.44	87
248	decode	4.01482	3.37222	236.425	229.44	87	229.44	87
249	decode	4.01487	3.36308	235.777	232.665	87	232.665	87
250	decode	4.01491	3.36675	236.028	232.665	87	232.665	87
251	decode	4.01496	3.34989	234.84	232.665	87	232.665	87
252	decode	4.01501	3.37533	236.616	232.665	87	232.665	87
253	decode	4.01506	3.36798	236.094	232.665	87	232.665	87
254	decode	4.01511	3.37478	236.564	232.665	87	232.665	87
255	decode	4.01515	3.35929	235.472	231.83	87	231.83	87
