0	prefill	201.403	57.9778	7490.73	110.291	34	110.291	34
1	decode	4	2.85015	314.244	110.291	34	110.291	34
2	decode	4	2.87725	317.22	110.291	34	110.291	34
3	decode	4	2.8576	315.042	110.291	34	110.291	34
4	decode	4	2.86532	315.881	110.291	34	110.291	34
5	decode	4	2.84424	313.545	110.291	34	110.291	34
6	decode	4	2.88145	317.635	118.889	34	118.889	34
7	decode	4	2.87729	317.164	118.889	34	118.889	34
8	decode	4	2.87058	316.413	118.889	34	118.889	34
9	decode	4	2.83136	312.078	118.889	34	118.889	34
10	decode	4	2.88613	318.103	118.889	34	118.889	34
11	decode	4	2.86906	316.209	118.889	34	118.889	34
12	decode	4	2.86782	316.061	118.889	34	118.889	34
13	decode	4	2.85072	314.164	118.889	34	118.889	34
14	decode	4	2.86911	316.179	122.918	53	122.918	53
15	decode	4	2.82963	311.816	122.918	53	122.918	53
16	decode	4	2.85689	314.808	122.918	53	122.918	53
17	decode	4	2.87803	317.125	122.918	53	122.918	53
18	decode	4	2.88495	317.876	122.918	53	122.918	53
19	decode	4	2.84189	313.12	122.918	53	122.918	53
20	decode	4	2.88775	318.16	122.918	53	122.918	53
21	decode	4	2.8591	314.992	122.918	53	122.918	53
22	decode	4	2.88953	318.332	127.7	53	127.7	53
23	decode	4	2.8257	311.289	127.7	53	127.7	53
24	decode	4	2.86363	315.455	127.7	53	127.7	53
25	decode	4	2.90145	319.609	127.7	53	127.7	53
26	decode	4	2.88498	317.783	127.7	53	127.7	53
27	decode	4	2.87124	316.258	127.7	53	127.7	53
28	decode	4	2.88809	318.101	127.7	53	127.7	53
29	decode	4	2.89768	319.146	127.7	53	127.7	53
30	decode	4	2.87352	316.473	135.709	54	135.709	54
31	decode	4	2.81013	309.479	135.709	54	135.709	54
32	decode	4	2.86988	316.048	135.709	54	135.709	54
33	decode	4	2.89121	318.385	135.709	54	135.709	54
34	decode	4	2.90237	319.601	135.709	54	135.709	54
35	decode	4	2.89524	318.805	135.709	54	135.709	54
36	decode	4	2.88425	317.582	135.709	54	135.709	54
37	decode	4	2.88084	317.195	135.709	54	135.709	54
38	decode	4	2.89004	318.195	142.782	54	142.782	54
39	decode	4	2.84601	313.336	142.782	54	142.782	54
40	decode	4	2.89851	319.104	142.782	54	142.782	54
41	decode	4	2.89868	319.111	142.782	54	142.782	54
42	decode	4	2.88395	317.477	142.782	54	142.782	54
43	decode	4	2.88601	317.692	142.782	54	142.782	54
44	decode	4	2.90549	319.824	142.782	54	142.782	54
45	decode	4	2.91334	320.676	142.782	54	142.782	54
46	decode	4	2.8962	318.778	150.614	54	150.614	54
47	decode	4	2.79774	307.928	150.614	54	150.614	54
48	decode	4	2.89735	318.88	150.614	54	150.614	54
49	decode	4	2.91263	320.549	150.614	54	150.614	54
50	decode	4	2.90543	319.744	150.614	54	150.614	54
51	decode	4	2.87498	316.382	150.614	54	150.614	54
52	decode	4	2.90346	319.504	150.614	54	150.614	54
53	decode	4	2.86815	315.606	150.614	54	150.614	54
54	decode	4	2.90721	319.892	158.682	54	158.682	54
55	decode	4	2.82679	311.032	158.682	54	158.682	54
56	decode	4	2.88596	317.53	158.682	54	158.682	54
57	decode	4	2.89884	318.935	158.682	54	158.682	54
58	decode	4	2.89628	318.641	158.682	54	158.682	54
59	decode	4	2.8803	316.871	158.682	54	158.682	54
60	decode	4	2.8962	318.608	158.682	54	158.682	54
61	decode	4	2.87389	316.142	158.682	54	158.682	54
62	decode	4	2.86937	315.633	166.354	53	166.354	53
63	decode	4	2.82894	311.174	166.354	53	166.354	53
64	decode	4	2.88449	317.272	166.354	53	166.354	53
65	decode	4	2.902	319.186	166.354	53	166.354	53
66	decode	4	2.86799	315.434	166.354	53	166.354	53
67	decode	4	2.88616	317.42	166.354	53	166.354	53
68	decode	4	2.90121	319.063	166.354	53	166.354	53
69	decode	4	2.8666	315.245	166.354	53	166.354	53
70	decode	4	2.85867	314.361	173.933	53	173.933	53
71	decode	4	2.8118	309.195	173.933	53	173.933	53
72	decode	4	2.88271	316.981	173.933	53	173.933	53
73	decode	4	2.87907	316.569	173.933	53	173.933	53
74	decode	4	2.90697	319.624	173.933	53	173.933	53
75	decode	4	2.8728	315.855	173.933	53	173.933	53
76	decode	4	2.90442	319.319	173.933	53	173.933	53
77	decode	4	2.90055	318.882	173.933	53	173.933	53
78	decode	4	2.8825	316.886	176.884	54	176.884	54
79	decode	4	2.85752	314.128	176.884	54	176.884	54
80	decode	4	2.89801	318.567	176.884	54	176.884	54
81	decode	4	2.91358	320.266	176.884	54	176.884	54
82	decode	4	2.88032	316.598	176.884	54	176.884	54
83	decode	4	2.87617	316.129	176.884	54	176.884	54
84	decode	4	2.86141	314.496	176.884	54	176.884	54
85	decode	4	2.88039	316.57	176.884	54	176.884	54
86	decode	4	2.88545	317.114	175.874	54	175.874	54
87	decode	4	2.87891	316.383	175.874	54	175.874	54
88	decode	4	2.89931	318.613	175.874	54	175.874	54
89	decode	4	2.8899	317.567	175.874	54	175.874	54
90	decode	4	2.84873	313.031	175.874	54	175.874	54
91	decode	4	2.84154	312.229	175.874	54	175.874	54
92	decode	4	2.89386	317.965	175.874	54	175.874	54
93	decode	4	2.90702	319.399	175.874	54	175.874	54
94	decode	4	2.88839	317.341	176.466	54	176.466	54
95	decode	4	2.89018	317.526	176.466	54	176.466	54
96	decode	4	2.90573	319.222	176.466	54	176.466	54
97	decode	4	2.88589	317.031	176.466	54	176.466	54
98	decode	4	2.90018	318.588	176.466	54	176.466	54
99	decode	4	2.86217	314.4	176.466	54	176.466	54
100	decode	4	2.87611	315.921	176.466	54	176.466	54
101	decode	4	2.86859	315.082	177.153	54	177.153	54
102	decode	4	2.88035	316.362	177.153	54	177.153	54
103	decode	4	2.83526	311.398	177.153	54	177.153	54
104	decode	4	2.89437	317.878	177.153	54	177.153	54
105	decode	4	2.87543	315.785	177.153	54	177.153	54
106	decode	4	2.90192	318.683	177.153	54	177.153	54
107	decode	4	2.91585	320.2	177.153	54	177.153	54
108	decode	4	2.91051	319.602	177.153	54	177.153	54
109	decode	4	2.88645	316.948	177.412	54	177.412	54
110	decode	4	2.8553	313.516	177.412	54	177.412	54
111	decode	4	2.89322	317.668	177.412	54	177.412	54
112	decode	4	2.87806	315.991	177.412	54	177.412	54
113	decode	4	2.88072	316.271	177.412	54	177.412	54
114	decode	4	2.88094	316.283	177.412	54	177.412	54
115	decode	4	2.90098	318.471	177.412	54	177.412	54
116	decode	4	2.90523	318.926	177.412	54	177.412	54
117	decode	4	2.8579	313.719	177.564	54	177.564	54
118	decode	4	2.85779	313.695	177.564	54	177.564	54
119	decode	4	2.89504	317.771	177.564	54	177.564	54
120	decode	4	2.89079	317.293	177.564	54	177.564	54
121	decode	4	2.90511	318.852	177.564	54	177.564	54
122	decode	4	2.86409	314.339	177.564	54	177.564	54
123	decode	4	2.87857	315.915	177.564	54	177.564	54
124	decode	4	2.89913	318.16	177.564	54	177.564	54
125	decode	4	2.86898	314.84	177.645	54	177.645	54
126	decode	4	2.83894	311.531	177.645	54	177.645	54
127	decode	4	2.88405	316.469	177.645	54	177.645	54
128	decode	4	2.89881	318.077	177.645	54	177.645	54
129	decode	4	2.8942	317.559	177.645	54	177.645	54
130	decode	4	2.89433	317.562	177.645	54	177.645	54
131	decode	4	2.91388	319.695	177.645	54	177.645	54
132	decode	4	2.90031	318.194	177.645	54	177.645	54
133	decode	4	2.86132	313.903	177.406	54	177.406	54
134	decode	4	2.86271	314.045	177.406	54	177.406	54
135	decode	4	2.89797	317.901	177.406	54	177.406	54
136	decode	4	2.87812	315.712	177.406	54	177.406	54
137	decode	4	2.87785	315.67	177.406	54	177.406	54
138	decode	4	2.85573	313.231	177.406	54	177.406	54
139	decode	4	2.90038	318.117	177.406	54	177.406	54
140	decode	4	2.86462	314.183	177.406	54	177.406	54
141	decode	4	2.86839	314.584	177.321	54	177.321	54
142	decode	4	2.85659	313.279	177.321	54	177.321	54
143	decode	4	2.88569	316.458	177.321	54	177.321	54
144	decode	4	2.8706	314.791	177.321	54	177.321	54
145	decode	4	2.88192	316.021	177.321	54	177.321	54
146	decode	4	2.89701	317.663	177.321	54	177.321	54
147	decode	4	2.88904	316.778	177.321	54	177.321	54
148	decode	4	2.89266	317.162	177.321	54	177.321	54
149	decode	4	2.88118	315.892	177.307	54	177.307	54
150	decode	4	2.85931	313.482	177.307	54	177.307	54
151	decode	4	2.90095	318.035	177.307	54	177.307	54
152	decode	4	2.90085	318.013	177.307	54	177.307	54
153	decode	4	2.88337	316.085	177.307	54	177.307	54
154	decode	4	2.89168	316.984	177.307	54	177.307	54
155	decode	4	2.92894	321.055	177.307	54	177.307	54
156	decode	4	2.89834	317.69	177.307	54	177.307	54
157	decode	4	2.8811	315.788	177.416	55	177.416	55
158	decode	4	2.86692	314.222	177.416	55	177.416	55
159	decode	4	2.92811	320.916	177.416	55	177.416	55
160	decode	4	2.90768	318.665	177.416	55	177.416	55
161	decode	4	2.92866	320.953	177.416	55	177.416	55
162	decode	4	2.88274	315.909	177.416	55	177.416	55
163	decode	4	2.91141	319.037	177.416	55	177.416	55
164	decode	4	2.87183	314.689	177.416	55	177.416	55
165	decode	4	2.89415	317.123	177.884	55	177.884	55
166	decode	4	2.84665	311.907	177.884	55	177.884	55
167	decode	4	2.88222	315.792	177.884	55	177.884	55
168	decode	4	2.89649	317.343	177.884	55	177.884	55
169	decode	4	2.88495	316.066	177.884	55	177.884	55
170	decode	4	2.89479	317.133	177.884	55	177.884	55
171	decode	4	2.92056	319.944	177.884	55	177.884	55
172	decode	4	2.92825	320.775	177.884	55	177.884	55
173	decode	4	2.90981	318.742	177.93	55	177.93	55
174	decode	4	2.86124	313.41	177.93	55	177.93	55
175	decode	4	2.87553	314.964	177.93	55	177.93	55
176	decode	4	2.89322	316.889	177.93	55	177.93	55
177	decode	4	2.90408	318.067	177.93	55	177.93	55
178	decode	4	2.89465	317.022	177.93	55	177.93	55
179	decode	4	2.86041	313.261	177.93	55	177.93	55
180	decode	4	2.85028	312.14	177.93	55	177.93	55
181	decode	4	2.84814	311.893	177.792	55	177.792	55
182	decode	4	2.84912	311.988	177.792	55	177.792	55
183	decode	4	2.85835	312.987	177.792	55	177.792	55
184	decode	4	2.87715	315.034	177.792	55	177.792	55
185	decode	4	2.89743	317.243	177.792	55	177.792	55
186	decode	4	2.92975	320.769	177.792	55	177.792	55
187	decode	4	2.89618	317.083	177.792	55	177.792	55
188	decode	4	2.90686	318.239	177.854	54	177.854	54
189	decode	4	2.8366	310.536	177.854	54	177.854	54
190	decode	4	2.88273	315.574	177.854	54	177.854	54
191	decode	4	2.87598	314.823	177.854	54	177.854	54
192	decode	4	2.88937	316.277	177.854	54	177.854	54
193	decode	4	2.8925	316.608	177.854	54	177.854	54
194	decode	4	2.91397	318.946	177.854	54	177.854	54
195	decode	4	2.8818	315.413	177.854	54	177.854	54
196	decode	4	2.86006	313.021	177.677	54	177.677	54
197	decode	4	0.00574826	0.629099	113.829	5.53846	177.677	54
198	decode	4	2.48277	271.709	97.499	0	97.499	0
199	decode	4	2.67264	292.476	97.499	0	97.499	0
200	decode	4	2.70961	296.511	99.427	0	99.427	0
201	decode	4	2.66873	292.026	99.427	0	99.427	0
202	decode	4	2.69779	295.195	99.427	0	99.427	0
203	decode	4	2.7383	299.616	99.427	0	99.427	0
204	decode	4	2.74713	300.571	99.427	0	99.427	0
205	decode	4	2.74387	300.203	99.427	0	99.427	0
206	decode	4	2.73506	299.228	99.427	0	99.427	0
207	decode	4	2.75615	301.524	99.427	0	99.427	0
208	decode	4	2.7102	296.486	106.663	50	106.663	50
209	decode	4	2.70132	295.503	106.663	50	106.663	50
210	decode	4	2.73024	298.656	106.663	50	106.663	50
211	decode	4	2.73803	299.497	106.663	50	106.663	50
212	decode	4	2.75534	301.379	106.663	50	106.663	50
213	decode	4	2.73636	299.292	106.663	50	106.663	50
214	decode	4	2.72321	297.842	106.663	50	106.663	50
215	decode	4	2.78367	304.443	114.239	50	114.239	50
216	decode	4	2.67462	292.506	114.239	50	114.239	50
217	decode	4	2.72875	298.414	114.239	50	114.239	50
218	decode	4	2.76011	301.832	114.239	50	114.239	50
219	decode	4	2.73912	299.525	114.239	50	114.239	50
220	decode	4	2.73363	298.914	114.239	50	114.239	50
221	decode	4	2.72949	298.45	114.239	50	114.239	50
222	decode	4	2.70607	295.878	114.239	50	114.239	50
223	decode	4	2.73346	298.862	121.656	51	121.656	51
224	decode	4	2.71742	297.097	121.656	51	121.656	51
225	decode	4	2.69554	294.694	121.656	51	121.656	51
226	decode	4	2.72068	297.431	121.656	51	121.656	51
227	decode	4	2.69982	295.139	121.656	51	121.656	51
228	decode	4	2.76994	302.793	121.656	51	121.656	51
229	decode	4	2.71994	297.317	121.656	51	121.656	51
230	decode	4	2.77621	303.455	128.868	51	128.868	51
231	decode	4	2.735	298.941	128.868	51	128.868	51
232	decode	4	2.71413	296.648	128.868	51	128.868	51
233	decode	4	2.78756	304.663	128.868	51	128.868	51
234	decode	4	2.7304	298.403	128.868	51	128.868	51
235	decode	4	2.7578	301.387	128.868	51	128.868	51
236	decode	4	2.75564	301.14	128.868	51	128.868	51
237	decode	4	2.73215	298.561	128.868	51	128.868	51
238	decode	4	2.70652	295.75	136.863	51	136.863	51
239	decode	4	2.75431	300.961	136.863	51	136.863	51
240	decode	4	2.70668	295.744	136.863	51	136.863	51
241	decode	4	2.75057	300.529	136.863	51	136.863	51
242	decode	4	2.73236	298.528	136.863	51	136.863	51
243	decode	4	2.79007	304.821	136.863	51	136.863	51
244	decode	4	2.76296	301.849	136.863	51	136.863	51
245	decode	4	2.69123	294.002	140.145	51	143.427	51
246	decode	4	2.7085	295.877	143.427	51	143.427	51
247	decode	4	2.75178	300.594	143.427	51	143.427	51
248	decode	4	2.79013	304.771	143.427	51	143.427	51
249	decode	4	2.77222	302.804	143.427	51	143.427	51
250	decode	4	2.77069	302.624	143.427	51	143.427	51
251	decode	4	2.74867	300.208	143.427	51	143.427	51
252	decode	4	2.71405	296.416	152.126	51	152.126	51
253	decode	4	2.73662	298.87	152.126	51	152.126	51
254	decode	4	2.70836	295.772	152.126	51	152.126	51
