0	prefill	297.495	204.01	14579.7	113.136	6	113.136	6
1	decode	4	9.62813	639.667	113.136	6	113.136	6
2	decode	4	9.6911	643.828	113.136	6	113.136	6
3	decode	4	9.60795	638.282	113.136	6	113.136	6
4	decode	4	9.67749	642.879	113.136	6	113.136	6
5	decode	4	9.66796	642.224	113.136	6	113.136	6
6	decode	4	9.64727	640.827	113.136	6	113.136	6
7	decode	4	9.65278	641.171	113.136	6	113.136	6
8	decode	4	9.72347	645.844	113.136	6	113.136	6
9	decode	4	9.66403	641.874	113.136	6	113.136	6
10	decode	4	9.68025	642.928	113.136	6	113.136	6
11	decode	4	9.66779	642.079	113.136	6	113.136	6
12	decode	4	9.57355	635.797	113.136	6	113.136	6
13	decode	4	9.62095	638.923	139.282	6	139.282	6
14	decode	4	9.67813	642.698	139.282	6	139.282	6
15	decode	4	9.63174	639.595	139.282	6	139.282	6
16	decode	4	9.57026	635.49	139.282	6	139.282	6
17	decode	4	9.66274	641.609	139.282	6	139.282	6
18	decode	4	9.68355	642.968	139.282	6	139.282	6
19	decode	4	9.67484	642.367	139.282	6	139.282	6
20	decode	4	9.61841	638.598	139.282	6	139.282	6
21	decode	4	9.66865	641.912	139.282	6	139.282	6
22	decode	4	9.68228	642.795	139.282	6	139.282	6
23	decode	4	9.67935	642.578	139.282	6	139.282	6
24	decode	4	9.68299	642.797	139.282	6	139.282	6
25	decode	4	9.66984	641.901	139.282	6	139.282	6
26	decode	4	9.70019	643.894	139.282	6	139.282	6
27	decode	4	9.65878	641.123	139.282	6	139.282	6
28	decode	4	9.63955	639.824	139.282	6	139.282	6
29	decode	4	9.66878	641.742	164.707	91	164.707	91
30	decode	4	9.69079	643.18	164.707	91	164.707	91
31	decode	4	9.67046	641.809	164.707	91	164.707	91
32	decode	4	9.5741	635.391	164.707	91	164.707	91
33	decode	4	9.69757	643.563	164.707	91	164.707	91
34	decode	4	9.67181	641.831	164.707	91	164.707	91
35	decode	4	9.64175	639.814	164.707	91	164.707	91
36	decode	4	9.66994	641.662	164.707	91	164.707	91
37	decode	4	9.69374	643.219	164.707	91	164.707	91
38	decode	4	9.66159	641.064	164.707	91	164.707	91
39	decode	4	9.68861	642.834	164.707	91	164.707	91
40	decode	4	9.67815	642.118	164.707	91	164.707	91
41	decode	4	9.64848	640.127	164.707	91	164.707	91
42	decode	4	9.66954	641.502	164.707	91	164.707	91
43	decode	4	9.6979	643.361	164.707	91	164.707	91
44	decode	4	9.67193	641.616	164.707	91	164.707	91
45	decode	4	9.65877	640.721	186.822	91	186.822	91
46	decode	4	9.65718	640.593	186.822	91	186.822	91
47	decode	4	9.70009	643.417	186.822	91	186.822	91
48	decode	4	9.52129	631.535	186.822	91	186.822	91
49	decode	4	9.56026	634.098	186.822	91	186.822	91
50	decode	4	9.61712	637.847	186.822	91	186.822	91
51	decode	4	9.60764	637.196	186.822	91	186.822	91
52	decode	4	9.64802	639.852	186.822	91	186.822	91
53	decode	4	9.67488	641.611	186.822	91	186.822	91
54	decode	4	9.60908	637.225	186.822	91	186.822	91
55	decode	4	9.6602	640.593	186.822	91	186.822	91
56	decode	4	9.63492	638.894	186.822	91	186.822	91
57	decode	4	9.5504	633.268	186.822	91	186.822	91
58	decode	4	9.60363	636.775	186.822	91	186.822	91
59	decode	4	9.59083	635.904	186.822	91	186.822	91
60	decode	4	9.64062	639.183	186.822	91	186.822	91
61	decode	4	9.62869	638.37	206.593	91	206.593	91
62	decode	4	9.62252	637.939	206.593	91	206.593	91
63	decode	4	9.64576	639.457	206.593	91	206.593	91
64	decode	4	9.4934	629.335	206.593	91	206.593	91
65	decode	4	9.57359	634.629	206.593	91	206.593	91
66	decode	4	9.63485	638.668	206.593	91	206.593	91
67	decode	4	9.60648	636.765	206.593	91	206.593	91
68	decode	4	9.63325	638.517	206.593	91	206.593	91
69	decode	4	9.62143	637.712	206.593	91	206.593	91
70	decode	4	9.63397	638.52	206.593	91	206.593	91
71	decode	4	9.64531	639.25	206.593	91	206.593	91
72	decode	4	9.59146	635.659	206.593	91	206.593	91
73	decode	4	9.61388	637.123	206.593	91	206.593	91
74	decode	4	9.58899	635.451	206.593	91	206.593	91
75	decode	4	9.52098	630.922	206.593	91	206.593	91
76	decode	4	9.65743	639.942	206.593	91	206.593	91
77	decode	4	9.62742	637.931	231.825	91	231.825	91
78	decode	4	9.62788	637.94	231.825	91	231.825	91
79	decode	4	9.6279	637.918	231.825	91	231.825	91
80	decode	4	9.53143	631.505	231.825	91	231.825	91
81	decode	4	9.58199	634.832	231.825	91	231.825	91
82	decode	4	9.64218	638.798	231.825	91	231.825	91
83	decode	4	9.61883	637.229	231.825	91	231.825	91
84	decode	4	9.61675	637.069	231.825	91	231.825	91
85	decode	4	9.64797	639.115	231.825	91	231.825	91
86	decode	4	9.64295	638.761	231.825	91	231.825	91
87	decode	4	9.65229	639.357	231.825	91	231.825	91
88	decode	4	9.63622	638.27	231.825	91	231.825	91
89	decode	4	9.64975	639.144	231.825	91	231.825	91
90	decode	4	9.64264	638.651	231.825	91	231.825	91
91	decode	4	9.59788	635.665	231.825	91	231.825	91
92	decode	4	9.61836	636.999	231.825	91	231.825	91
93	decode	4	9.61042	636.451	254.218	91	254.218	91
94	decode	4	9.5511	632.5	254.218	91	254.218	91
95	decode	4	9.63137	637.794	254.218	91	254.218	91
96	decode	4	9.55763	632.889	254.218	91	254.218	91
97	decode	4	9.63982	638.309	254.218	91	254.218	91
98	decode	4	9.64163	638.407	254.218	91	254.218	91
99	decode	4	9.61061	636.331	254.218	91	254.218	91
100	decode	4	9.69811	642.102	254.218	91	254.218	91
101	decode	4	9.65185	639.017	254.218	91	254.218	91
102	decode	4	9.56404	633.181	254.218	91	254.218	91
103	decode	4	9.67104	640.243	254.218	91	254.218	91
104	decode	4	9.6681	640.026	254.218	91	254.218	91
105	decode	4	9.63561	637.853	254.218	91	254.218	91
106	decode	4	9.66139	639.538	254.218	91	254.218	91
107	decode	4	9.60917	636.059	254.218	91	254.218	91
108	decode	4	9.6536	638.978	254.218	91	254.218	91
109	decode	4	9.62533	637.084	282.955	91	282.955	91
110	decode	4	9.61613	636.454	282.955	91	282.955	91
111	decode	4	9.67366	640.239	282.955	91	282.955	91
112	decode	4	9.53385	630.964	282.955	91	282.955	91
113	decode	4	9.63587	637.693	282.955	91	282.955	91
114	decode	4	9.62766	637.128	282.955	91	282.955	91
115	decode	4	9.62434	636.886	282.955	91	282.955	91
116	decode	4	9.64655	638.333	282.955	91	282.955	91
117	decode	4	9.64174	637.994	282.955	91	282.955	91
118	decode	4	9.58252	634.052	282.955	91	282.955	91
119	decode	4	9.64981	638.483	282.955	91	282.955	91
120	decode	4	9.63649	637.58	282.955	91	282.955	91
121	decode	4	9.63779	637.644	282.955	91	282.955	91
122	decode	4	9.652	638.562	282.955	91	282.955	91
123	decode	4	9.6068	635.549	282.955	91	282.955	91
124	decode	4	9.66905	639.645	282.955	91	282.955	91
125	decode	4	9.65867	638.936	308.683	91	308.683	91
126	decode	4	9.57137	633.139	308.683	91	308.683	91
127	decode	4	9.64798	638.185	308.683	91	308.683	91
128	decode	4	9.55822	632.226	308.683	91	308.683	91
129	decode	4	9.63379	637.202	308.683	91	308.683	91
130	decode	4	9.6682	639.456	308.683	91	308.683	91
131	decode	4	9.61856	636.151	308.683	91	308.683	91
132	decode	4	9.63012	636.893	308.683	91	308.683	91
133	decode	4	9.6352	637.207	308.683	91	308.683	91
134	decode	4	9.59025	634.212	308.683	91	308.683	91
135	decode	4	9.65261	638.314	308.683	91	308.683	91
136	decode	4	9.66368	639.024	308.683	91	308.683	91
137	decode	4	9.62174	636.229	308.683	91	308.683	91
138	decode	4	9.65564	638.448	308.683	91	308.683	91
139	decode	4	9.64385	637.647	308.683	91	308.683	91
140	decode	4	9.64594	637.763	308.683	91	308.683	91
141	decode	4	9.64725	637.827	334.15	91	334.15	91
142	decode	4	9.57085	632.754	334.15	91	334.15	91
143	decode	4	9.66639	639.048	334.15	91	334.15	91
144	decode	4	9.55247	631.495	334.15	91	334.15	91
145	decode	4	9.6231	636.142	334.15	91	334.15	91
146	decode	4	9.65508	638.234	334.15	91	334.15	91
147	decode	4	9.65537	638.231	334.15	91	334.15	91
148	decode	4	9.66844	639.073	334.15	91	334.15	91
149	decode	4	9.65798	638.359	334.15	91	334.15	91
150	decode	4	9.55526	631.548	334.15	91	334.15	91
151	decode	4	9.6845	640.068	334.15	91	334.15	91
152	decode	4	9.65916	638.371	334.15	91	334.15	91
153	decode	4	9.61338	635.323	334.15	91	334.15	91
154	decode	4	9.69184	640.486	334.15	91	334.15	91
155	decode	4	9.67976	639.666	334.15	91	334.15	91
156	decode	4	9.66621	638.748	334.15	91	334.15	91
157	decode	4	9.66178	638.433	351.864	91	351.864	91
158	decode	4	9.57994	633.004	351.864	91	351.864	91
159	decode	4	9.66276	638.454	351.864	91	351.864	91
160	decode	4	9.59836	634.177	351.864	91	351.864	91
161	decode	4	9.66633	638.645	351.864	91	351.864	91
162	decode	4	9.67809	639.401	351.864	91	351.864	91
163	decode	4	9.67127	638.928	351.864	91	351.864	91
164	decode	4	9.67742	639.312	351.864	91	351.864	91
165	decode	4	9.68501	639.791	351.864	91	351.864	91
166	decode	4	9.59316	633.702	351.864	91	351.864	91
167	decode	4	9.6802	639.429	351.864	91	351.864	91
168	decode	4	9.68443	639.686	351.864	91	351.864	91
169	decode	4	9.66294	638.245	351.864	91	351.864	91
170	decode	4	9.68202	639.483	351.864	91	351.864	91
171	decode	4	9.67176	638.783	351.864	91	351.864	91
172	decode	4	9.66663	638.422	351.864	91	351.864	91
173	decode	4	9.67761	639.125	351.57	91	351.57	91
174	decode	4	9.62646	635.725	351.57	91	351.57	91
175	decode	4	9.68879	639.819	351.57	91	351.57	91
176	decode	4	9.56884	631.876	351.57	91	351.57	91
177	decode	4	9.61043	634.601	351.57	91	351.57	91
178	decode	4	9.6372	636.346	351.57	91	351.57	91
179	decode	4	9.63131	635.936	351.57	91	351.57	91
180	decode	4	9.61765	635.012	351.57	91	351.57	91
181	decode	4	9.63381	636.057	351.57	91	351.57	91
182	decode	4	9.56915	631.765	351.57	91	351.57	91
183	decode	4	9.60167	633.891	351.57	91	351.57	91
184	decode	4	9.61357	634.654	351.57	91	351.57	91
185	decode	4	9.60407	634.005	351.57	91	351.57	91
186	decode	4	9.62947	635.66	351.57	91	351.57	91
187	decode	4	9.58312	632.578	351.57	91	351.57	91
188	decode	4	9.60691	634.127	351.57	91	351.57	91
189	decode	4	9.59617	633.396	351.622	91	351.622	91
190	decode	4	9.55497	630.655	351.622	91	351.622	91
191	decode	4	9.64496	636.572	351.622	91	351.622	91
192	decode	4	9.53498	629.291	351.622	91	351.622	91
193	decode	4	9.61656	634.654	351.622	91	351.622	91
194	decode	4	9.65445	637.133	351.622	91	351.622	91
195	decode	4	9.60303	633.717	351.622	91	351.622	91
196	decode	4	9.62695	635.274	351.622	91	351.622	91
197	decode	4	9.57741	631.983	351.622	91	351.622	91
198	decode	4	9.58106	632.202	351.622	91	351.622	91
199	decode	4	9.64614	636.474	351.622	91	351.622	91
200	decode	4	9.63914	635.99	351.622	91	351.622	91
201	decode	4	9.6324	635.523	351.622	91	351.622	91
202	decode	4	9.62366	634.925	351.622	91	351.622	91
203	decode	4	9.64575	636.36	351.622	91	351.622	91
204	decode	4	9.6118	634.099	351.752	91	351.752	91
205	decode	4	9.62463	634.923	351.752	91	351.752	91
206	decode	4	9.57939	631.917	351.752	91	351.752	91
207	decode	4	9.63933	635.849	351.752	91	351.752	91
208	decode	4	9.54969	629.914	351.752	91	351.752	91
209	decode	4	9.6089	633.797	351.752	91	351.752	91
210	decode	4	9.63174	635.282	351.752	91	351.752	91
211	decode	4	9.60209	633.305	351.752	91	351.752	91
212	decode	4	9.61257	633.974	351.752	91	351.752	91
213	decode	4	9.63837	635.654	351.752	91	351.752	91
214	decode	4	9.54282	629.33	351.752	91	351.752	91
215	decode	4	9.61625	634.151	351.752	91	351.752	91
216	decode	4	9.62493	634.701	351.752	91	351.752	91
217	decode	4	9.61832	634.243	351.752	91	351.752	91
218	decode	4	9.64476	635.965	351.752	91	351.752	91
219	decode	4	9.63451	635.267	351.752	91	351.752	91
220	decode	4	9.61654	634.061	351.926	92	351.926	92
221	decode	4	9.63761	635.427	351.926	92	351.926	92
222	decode	4	9.56363	630.528	351.926	92	351.926	92
223	decode	4	9.60466	633.211	351.926	92	351.926	92
224	decode	4	9.52118	627.686	351.926	92	351.926	92
225	decode	4	9.62837	634.731	351.926	92	351.926	92
226	decode	4	9.62305	634.358	351.926	92	351.926	92
227	decode	4	9.63771	635.302	351.926	92	351.926	92
228	decode	4	9.63947	635.396	351.926	92	351.926	92
229	decode	4	9.6575	636.563	351.926	92	351.926	92
230	decode	4	9.64007	635.392	351.926	92	351.926	92
231	decode	4	9.61848	633.947	351.926	92	351.926	92
232	decode	4	9.6276	634.526	351.926	92	351.926	92
233	decode	4	9.63758	635.162	351.926	92	351.926	92
234	decode	4	9.63045	634.67	351.926	92	351.926	92
235	decode	4	9.61653	633.731	351.926	92	351.926	92
236	decode	4	9.59549	632.322	352.204	92	352.204	92
237	decode	4	9.60226	632.747	352.204	92	352.204	92
238	decode	4	9.62892	634.482	352.204	92	352.204	92
239	decode	4	9.5999	632.547	352.204	92	352.204	92
240	decode	4	9.54928	629.19	352.204	92	352.204	92
241	decode	4	9.60206	632.647	352.204	92	352.204	92
242	decode	4	9.63452	634.763	352.204	92	352.204	92
243	decode	4	9.60685	632.918	352.204	92	352.204	92
244	decode	4	9.62028	633.781	352.204	92	352.204	92
245	decode	4	9.64219	635.202	352.204	92	352.204	92
246	decode	4	9.62227	633.869	352.204	92	352.204	92
247	decode	4	9.61622	633.448	352.204	92	352.204	92
248	decode	4	9.63083	634.388	352.204	92	352.204	92
249	decode	4	9.55592	629.432	352.204	92	352.204	92
250	decode	4	9.6187	633.545	352.204	92	352.204	92
251	decode	4	9.61775	633.461	352.314	91	352.314	91
252	decode	4	9.59925	632.221	352.314	91	352.314	91
253	decode	4	9.63492	634.548	352.314	91	352.314	91
254	decode	4	9.61345	633.112	352.314	91	352.314	91
