0	prefill	214.414	184.577	14110.3	105.026	0	105.026	0
1	decode	4.00287	9.31847	657.886	105.026	0	105.026	0
2	decode	4.00292	9.34269	659.577	117.814	0	117.814	0
3	decode	4.00297	9.3508	660.131	117.814	0	117.814	0
4	decode	4.00301	9.36922	661.413	117.814	0	117.814	0
5	decode	4.00306	9.36289	660.947	117.814	0	117.814	0
6	decode	4.00311	9.30464	656.817	117.814	0	117.814	0
7	decode	4.00316	9.36303	660.92	117.814	0	117.814	0
8	decode	4.00321	9.30184	656.582	117.814	0	117.814	0
9	decode	4.00326	9.37665	661.844	117.814	0	117.814	0
10	decode	4.00331	9.35147	660.048	117.814	0	117.814	0
11	decode	4.00335	9.39279	662.945	117.814	0	117.814	0
12	decode	4.0034	9.36817	661.189	117.814	0	117.814	0
13	decode	4.00345	9.34689	659.669	117.814	0	117.814	0
14	decode	4.0035	9.39388	662.966	117.814	0	117.814	0
15	decode	4.00355	9.37383	661.532	117.814	0	117.814	0
16	decode	4.0036	9.34382	659.396	117.814	0	117.814	0
17	decode	4.00365	9.3443	659.411	117.814	0	117.814	0
18	decode	4.00369	9.35714	660.298	117.814	0	117.814	0
19	decode	4.00374	9.38359	662.146	143.417	90	143.417	90
20	decode	4.00379	9.36495	660.812	143.417	90	143.417	90
21	decode	4.00384	9.37486	661.493	143.417	90	143.417	90
22	decode	4.00389	9.26115	653.451	143.417	90	143.417	90
23	decode	4.00394	9.37102	661.184	143.417	90	143.417	90
24	decode	4.00399	9.36729	660.903	143.417	90	143.417	90
25	decode	4.00403	9.36029	660.39	143.417	90	143.417	90
26	decode	4.00408	9.37311	661.275	143.417	90	143.417	90
27	decode	4.00413	9.38765	662.282	143.417	90	143.417	90
28	decode	4.00418	9.36257	660.494	143.417	90	143.417	90
29	decode	4.00423	9.36415	660.587	143.417	90	143.417	90
30	decode	4.00428	9.36508	660.634	143.417	90	143.417	90
31	decode	4.00432	9.35331	659.785	143.417	90	143.417	90
32	decode	4.00437	9.3625	660.415	143.417	90	143.417	90
33	decode	4.00442	9.35458	659.837	143.417	90	143.417	90
34	decode	4.00447	9.35881	660.117	168.625	90	168.625	90
35	decode	4.00452	9.35493	659.824	168.625	90	168.625	90
36	decode	4.00457	9.3601	660.171	168.625	90	168.625	90
37	decode	4.00462	9.32475	657.659	168.625	90	168.625	90
38	decode	4.00466	9.19291	648.342	168.625	90	168.625	90
39	decode	4.00471	9.37375	661.077	168.625	90	168.625	90
40	decode	4.00476	9.37033	660.817	168.625	90	168.625	90
41	decode	4.00481	9.34771	659.204	168.625	90	168.625	90
42	decode	4.00486	9.39721	662.675	168.625	90	168.625	90
43	decode	4.00491	9.27838	654.277	168.625	90	168.625	90
44	decode	4.00496	9.35483	659.649	168.625	90	168.625	90
45	decode	4.005	9.39323	662.338	168.625	90	168.625	90
46	decode	4.00505	9.35654	659.733	168.625	90	168.625	90
47	decode	4.0051	9.36642	660.41	168.625	90	168.625	90
48	decode	4.00515	9.34888	659.156	168.625	90	168.625	90
49	decode	4.0052	9.36862	660.528	168.625	90	168.625	90
50	decode	4.00525	9.37928	661.261	168.625	90	168.625	90
51	decode	4.00529	9.38663	661.761	189.266	90	189.266	90
52	decode	4.00534	9.3832	661.5	189.266	90	189.266	90
53	decode	4.00539	9.33602	658.156	189.266	90	189.266	90
54	decode	4.00544	9.30008	655.604	189.266	90	189.266	90
55	decode	4.00549	9.38506	661.575	189.266	90	189.266	90
56	decode	4.00554	9.35893	659.714	189.266	90	189.266	90
57	decode	4.00559	9.35198	659.206	189.266	90	189.266	90
58	decode	4.00563	9.30165	655.64	189.266	90	189.266	90
59	decode	4.00568	9.37864	661.048	189.266	90	189.266	90
60	decode	4.00573	9.387	661.619	189.266	90	189.266	90
61	decode	4.00578	9.33952	658.253	189.266	90	189.266	90
62	decode	4.00583	9.35853	659.574	189.266	90	189.266	90
63	decode	4.00588	9.37299	660.575	189.266	90	189.266	90
64	decode	4.00593	9.39019	661.769	189.266	90	189.266	90
65	decode	4.00597	9.37433	660.632	189.266	90	189.266	90
66	decode	4.00602	9.37152	660.415	189.266	90	189.266	90
67	decode	4.00607	9.37198	660.429	209.391	90	209.391	90
68	decode	4.00612	9.30377	655.604	209.391	90	209.391	90
69	decode	4.00617	9.36643	660.001	209.391	90	209.391	90
70	decode	4.00622	9.23686	650.852	209.391	90	209.391	90
71	decode	4.00626	9.30218	655.436	209.391	90	209.391	90
72	decode	4.00631	9.33915	658.023	209.391	90	209.391	90
73	decode	4.00636	9.32198	656.794	209.391	90	209.391	90
74	decode	4.00641	9.34214	658.196	209.391	90	209.391	90
75	decode	4.00646	9.35922	659.381	209.391	90	209.391	90
76	decode	4.00651	9.33316	657.526	209.391	90	209.391	90
77	decode	4.00656	9.30713	655.673	209.391	90	209.391	90
78	decode	4.0066	9.31185	655.987	209.391	90	209.391	90
79	decode	4.00665	9.33751	657.777	209.391	90	209.391	90
80	decode	4.0067	9.33178	657.354	209.391	90	209.391	90
81	decode	4.00675	9.35379	658.886	209.391	90	209.391	90
82	decode	4.0068	9.30797	655.64	209.391	90	209.391	90
83	decode	4.00685	9.33971	657.857	209.391	90	209.391	90
84	decode	4.00689	9.34203	658.002	233.838	90	233.838	90
85	decode	4.00694	9.35159	658.656	233.838	90	233.838	90
86	decode	4.00699	9.23163	650.189	233.838	90	233.838	90
87	decode	4.00704	9.3417	657.923	233.838	90	233.838	90
88	decode	4.00709	9.34044	657.816	233.838	90	233.838	90
89	decode	4.00714	9.26978	652.821	233.838	90	233.838	90
90	decode	4.00718	9.3374	657.564	233.838	90	233.838	90
91	decode	4.00723	9.30413	655.203	233.838	90	233.838	90
92	decode	4.00728	9.34719	658.216	233.838	90	233.838	90
93	decode	4.00733	9.32787	656.837	233.838	90	233.838	90
94	decode	4.00738	9.34423	657.971	233.838	90	233.838	90
95	decode	4.00743	9.34083	657.713	233.838	90	233.838	90
96	decode	4.00748	9.2831	653.629	233.838	90	233.838	90
97	decode	4.00752	9.30893	655.43	233.838	90	233.838	90
98	decode	4.00757	9.33748	657.421	233.838	90	233.838	90
99	decode	4.00762	9.34796	658.141	233.838	90	233.838	90
100	decode	4.00767	9.30482	655.085	258.361	90	258.361	90
101	decode	4.00772	9.28567	653.718	258.361	90	258.361	90
102	decode	4.00777	9.2395	650.449	258.361	90	258.361	90
103	decode	4.00781	9.35511	658.57	258.361	90	258.361	90
104	decode	4.00786	9.32879	656.698	258.361	90	258.361	90
105	decode	4.00791	9.3361	657.194	258.361	90	258.361	90
106	decode	4.00796	9.2609	651.882	258.361	90	258.361	90
107	decode	4.00801	9.29424	654.211	258.361	90	258.361	90
108	decode	4.00806	9.35262	658.301	258.361	90	258.361	90
109	decode	4.0081	9.32778	656.534	258.361	90	258.361	90
110	decode	4.00815	9.31438	655.572	258.361	90	258.361	90
111	decode	4.0082	9.33435	656.959	258.361	90	258.361	90
112	decode	4.00825	9.31695	655.716	258.361	90	258.361	90
113	decode	4.0083	9.34404	657.604	258.361	90	258.361	90
114	decode	4.00835	9.34505	657.657	258.361	90	258.361	90
115	decode	4.0084	9.35559	658.38	258.361	90	258.361	90
116	decode	4.00844	9.32577	656.263	258.361	90	258.361	90
117	decode	4.00849	9.34796	657.806	282.951	90	282.951	90
118	decode	4.00854	9.27188	652.434	282.951	90	282.951	90
119	decode	4.00859	9.35237	658.079	282.951	90	282.951	90
120	decode	4.00864	9.35566	658.292	282.951	90	282.951	90
121	decode	4.00869	9.34837	657.761	282.951	90	282.951	90
122	decode	4.00873	9.3302	656.463	282.951	90	282.951	90
123	decode	4.00878	9.33136	656.527	282.951	90	282.951	90
124	decode	4.00883	9.31875	655.621	282.951	90	282.951	90
125	decode	4.00888	9.3251	656.049	282.951	90	282.951	90
126	decode	4.00893	9.33609	656.804	282.951	90	282.951	90
127	decode	4.00898	9.30989	654.942	282.951	90	282.951	90
128	decode	4.00902	9.32915	656.278	282.951	90	282.951	90
129	decode	4.00907	9.29066	653.552	282.951	90	282.951	90
130	decode	4.00912	9.33663	656.767	282.951	90	282.951	90
131	decode	4.00917	9.34404	657.27	282.951	90	282.951	90
132	decode	4.00922	9.35636	658.118	282.951	90	282.951	90
133	decode	4.00927	9.33421	656.542	307.328	90	307.328	90
134	decode	4.00931	9.19504	646.735	307.328	90	307.328	90
135	decode	4.00936	9.34707	657.409	307.328	90	307.328	90
136	decode	4.00941	9.3532	657.821	307.328	90	307.328	90
137	decode	4.00946	9.33245	656.344	307.328	90	307.328	90
138	decode	4.00951	9.36521	658.629	307.328	90	307.328	90
139	decode	4.00956	9.28723	653.126	307.328	90	307.328	90
140	decode	4.0096	9.34031	656.841	307.328	90	307.328	90
141	decode	4.00965	9.38311	659.832	307.328	90	307.328	90
142	decode	4.0097	9.34131	656.874	307.328	90	307.328	90
143	decode	4.00975	9.34355	657.013	307.328	90	307.328	90
144	decode	4.0098	9.34062	656.789	307.328	90	307.328	90
145	decode	4.00985	9.34661	657.191	307.328	90	307.328	90
146	decode	4.00989	9.35104	657.484	307.328	90	307.328	90
147	decode	4.00994	9.37094	658.865	307.328	90	307.328	90
148	decode	4.00999	9.37505	659.135	307.328	90	307.328	90
149	decode	4.01004	9.32831	655.83	307.328	90	307.328	90
150	decode	4.01009	9.27533	652.087	336.614	90	336.614	90
151	decode	4.01014	9.34534	656.991	336.614	90	336.614	90
152	decode	4.01018	9.34399	656.877	336.614	90	336.614	90
153	decode	4.01023	9.35135	657.376	336.614	90	336.614	90
154	decode	4.01028	9.33586	656.268	336.614	90	336.614	90
155	decode	4.01033	9.33829	656.421	336.614	90	336.614	90
156	decode	4.01038	9.35472	657.557	336.614	90	336.614	90
157	decode	4.01043	9.33617	656.235	336.614	90	336.614	90
158	decode	4.01047	9.34938	657.145	336.614	90	336.614	90
159	decode	4.01052	9.35164	657.285	336.614	90	336.614	90
160	decode	4.01057	9.34538	656.826	336.614	90	336.614	90
161	decode	4.01062	9.33499	656.078	336.614	90	336.614	90
162	decode	4.01067	9.35192	657.249	336.614	90	336.614	90
163	decode	4.01072	9.30899	654.214	336.614	90	336.614	90
164	decode	4.01076	9.33279	655.868	336.614	90	336.614	90
165	decode	4.01081	9.35478	657.394	336.614	90	336.614	90
166	decode	4.01086	9.2278	648.453	349.095	90	349.095	90
167	decode	4.01091	9.24233	649.455	349.095	90	349.095	90
168	decode	4.01096	9.31214	654.342	349.095	90	349.095	90
169	decode	4.01101	9.34783	656.832	349.095	90	349.095	90
170	decode	4.01105	9.35362	657.22	349.095	90	349.095	90
171	decode	4.0111	9.37378	658.618	349.095	90	349.095	90
172	decode	4.01115	9.29942	653.375	349.095	90	349.095	90
173	decode	4.0112	9.3242	655.098	349.095	90	349.095	90
174	decode	4.01125	9.37279	658.493	349.095	90	349.095	90
175	decode	4.0113	9.36713	658.077	349.095	90	349.095	90
176	decode	4.01134	9.37398	658.539	349.095	90	349.095	90
177	decode	4.01139	9.27863	651.823	349.095	90	349.095	90
178	decode	4.01144	9.3438	656.382	349.095	90	349.095	90
179	decode	4.01149	9.34582	656.505	349.095	90	349.095	90
180	decode	4.01154	9.34505	656.433	349.095	90	349.095	90
181	decode	4.01159	9.34426	656.359	349.095	90	349.095	90
182	decode	4.01163	9.2456	649.411	349.095	90	349.095	90
183	decode	4.01168	9.37737	658.648	348.454	90	348.454	90
184	decode	4.01173	9.36843	658.001	348.454	90	348.454	90
185	decode	4.01178	9.36843	657.983	348.454	90	348.454	90
186	decode	4.01183	9.35269	656.859	348.454	90	348.454	90
187	decode	4.01188	9.33175	655.369	348.454	90	348.454	90
188	decode	4.01192	9.34871	656.542	348.454	90	348.454	90
189	decode	4.01197	9.37873	658.631	348.454	90	348.454	90
190	decode	4.01202	9.34542	656.274	348.454	90	348.454	90
191	decode	4.01207	9.37194	658.118	348.454	90	348.454	90
192	decode	4.01212	9.36667	657.729	348.454	90	348.454	90
193	decode	4.01216	9.36848	657.838	348.454	90	348.454	90
194	decode	4.01221	9.35948	657.187	348.454	90	348.454	90
195	decode	4.01226	9.39631	659.755	348.454	90	348.454	90
196	decode	4.01231	9.34654	656.241	348.454	90	348.454	90
197	decode	4.01236	9.34763	656.3	348.454	90	348.454	90
198	decode	4.01241	9.24037	648.751	348.454	90	348.454	90
199	decode	4.01245	9.33443	655.336	348.601	90	348.601	90
200	decode	4.0125	9.26935	650.748	348.601	90	348.601	90
201	decode	4.01255	9.28739	651.997	348.601	90	348.601	90
202	decode	4.0126	9.30983	653.553	348.601	90	348.601	90
203	decode	4.01265	9.32412	654.538	348.601	90	348.601	90
204	decode	4.0127	9.32238	654.398	348.601	90	348.601	90
205	decode	4.01274	9.25202	649.44	348.601	90	348.601	90
206	decode	4.01279	9.29971	652.769	348.601	90	348.601	90
207	decode	4.01284	9.30845	653.364	348.601	90	348.601	90
208	decode	4.01289	9.31674	653.928	348.601	90	348.601	90
209	decode	4.01294	9.30485	653.075	348.601	90	348.601	90
210	decode	4.01299	9.28078	651.367	348.601	90	348.601	90
211	decode	4.01303	9.31412	653.689	348.601	90	348.601	90
212	decode	4.01308	9.31315	653.602	348.601	90	348.601	90
213	decode	4.01313	9.32045	654.096	348.601	90	348.601	90
214	decode	4.01318	9.20735	646.141	348.588	90	348.588	90
215	decode	4.01323	9.31988	654.019	348.588	90	348.588	90
216	decode	4.01327	9.3451	655.771	348.588	90	348.588	90
217	decode	4.01332	9.31105	653.363	348.588	90	348.588	90
218	decode	4.01337	9.34226	655.535	348.588	90	348.588	90
219	decode	4.01342	9.29965	652.527	348.588	90	348.588	90
220	decode	4.01347	9.2929	652.034	348.588	90	348.588	90
221	decode	4.01352	9.30883	653.134	348.588	90	348.588	90
222	decode	4.01356	9.31611	653.626	348.588	90	348.588	90
223	decode	4.01361	9.33131	654.674	348.588	90	348.588	90
224	decode	4.01366	9.33397	654.843	348.588	90	348.588	90
225	decode	4.01371	9.30098	652.509	348.588	90	348.588	90
226	decode	4.01376	9.32511	654.184	348.588	90	348.588	90
227	decode	4.01381	9.28326	651.229	348.588	90	348.588	90
228	decode	4.01385	9.26118	649.662	348.588	90	348.588	90
229	decode	4.0139	9.31114	653.149	348.588	90	348.588	90
230	decode	4.01395	9.19135	644.728	348.588	90	348.588	90
231	decode	4.014	9.31419	653.326	348.089	90	348.089	90
232	decode	4.01405	9.29239	651.778	348.089	90	348.089	90
233	decode	4.01409	9.24643	648.536	348.089	90	348.089	90
234	decode	4.01414	9.33121	654.464	348.089	90	348.089	90
235	decode	4.01419	9.30884	652.877	348.089	90	348.089	90
236	decode	4.01424	9.32118	653.724	348.089	90	348.089	90
237	decode	4.01429	9.31965	653.598	348.089	90	348.089	90
238	decode	4.01434	9.31384	653.172	348.089	90	348.089	90
239	decode	4.01438	9.31124	652.972	348.089	90	348.089	90
240	decode	4.01443	9.33872	654.88	348.089	90	348.089	90
241	decode	4.01448	9.33209	654.397	348.089	90	348.089	90
242	decode	4.01453	9.32942	654.191	348.089	90	348.089	90
243	decode	4.01458	9.31448	653.125	348.089	90	348.089	90
244	decode	4.01462	9.2874	651.208	348.089	90	348.089	90
245	decode	4.01467	9.32902	654.108	348.089	90	348.089	90
246	decode	4.01472	9.2281	647.014	348.089	90	348.089	90
247	decode	4.01477	9.30125	652.125	347.971	90	347.971	90
248	decode	4.01482	9.28447	650.93	347.971	90	347.971	90
249	decode	4.01487	9.32551	653.788	347.971	90	347.971	90
250	decode	4.01491	9.31997	653.381	347.971	90	347.971	90
251	decode	4.01496	9.26334	649.393	347.971	90	347.971	90
252	decode	4.01501	9.31527	653.016	347.971	90	347.971	90
253	decode	4.01506	9.33019	654.043	347.971	90	347.971	90
254	decode	4.01511	9.29011	651.215	347.971	90	347.971	90
