0	prefill	50.4353	6.91268	893.119	121.223	15	122.104	15
1	decode	1.00171	0.272875	30.0859	122.104	15	122.104	15
2	decode	1.00174	0.271976	29.9856	122.104	15	122.104	15
3	decode	1.00177	0.272634	30.0571	118.404	27.6667	122.104	34
4	decode	1.0018	0.271367	29.9162	116.554	34	116.554	34
5	decode	1.00182	0.25735	28.3699	116.554	34	116.554	34
6	decode	1.00185	0.268788	29.6297	114.351	34	116.554	34
7	decode	1.00188	0.269262	29.6808	113.249	34	113.249	34
8	decode	1.00191	0.272082	29.9905	113.249	34	113.249	34
9	decode	1.00194	0.271483	29.9234	113.507	33.3333	113.636	34
10	decode	1.00197	0.271619	29.9372	113.636	33	113.636	33
11	decode	1.00199	0.259238	28.5715	113.636	33	113.636	33
12	decode	1.00202	0.268736	29.6172	118.072	33	118.072	33
13	decode	1.00205	0.270172	29.7744	118.072	33	118.072	33
14	decode	1.00208	0.270082	29.7633	118.072	33	118.072	33
15	decode	1.00211	0.271003	29.8637	121.053	33	121.053	33
16	decode	1.00214	0.271548	29.9225	121.053	33	121.053	33
17	decode	1.00217	0.245252	27.024	121.053	33	121.053	33
18	decode	1.00219	0.265516	29.2557	116.554	33	116.554	33
19	decode	1.00222	0.270715	29.8274	116.554	33	116.554	33
20	decode	1.00225	0.270876	29.844	116.554	33	116.554	33
21	decode	1.00228	0.270609	29.8135	117.478	33	117.478	33
22	decode	1.00231	0.265348	29.2327	117.478	33	117.478	33
23	decode	1.00234	0.272447	30.0137	117.478	33	117.478	33
24	decode	1.00236	0.265244	29.2191	110.807	33	110.807	33
25	decode	1.00239	0.27026	29.7705	110.807	33	110.807	33
26	decode	1.00242	0.270714	29.8193	110.807	33	110.807	33
27	decode	1.00245	0.271866	29.9452	110.483	33	110.483	33
28	decode	1.00248	0.270848	29.8318	110.483	33	110.483	33
29	decode	1.00251	0.271848	29.9409	110.483	33	110.483	33
30	decode	1.00254	0.271904	29.9459	121.834	33	121.834	33
31	decode	1.00256	0.271553	29.9062	121.834	33	121.834	33
32	decode	1.00259	0.271761	29.9279	121.834	33	121.834	33
33	decode	1.00262	0.272513	30.0095	112.001	33	112.001	33
34	decode	1.00265	0.264825	29.1619	112.001	33	112.001	33
35	decode	1.00268	0.272148	29.9671	112.001	33	112.001	33
36	decode	1.00271	0.273064	30.0668	112.001	33	112.001	33
37	decode	1.00274	0.26653	29.3463	112.001	33	112.001	33
38	decode	1.00276	0.270192	29.7484	113.917	33	117.748	33
39	decode	1.00279	0.271656	29.9084	117.748	33	117.748	33
40	decode	1.00282	0.272151	29.9618	117.748	33	117.748	33
41	decode	1.00285	0.269913	29.7143	115.94	33	117.748	33
42	decode	1.00288	0.271811	29.9221	112.324	33	112.324	33
43	decode	1.00291	0.271574	29.8949	112.324	33	112.324	33
44	decode	1.00293	0.273055	30.0568	113.761	33	118.072	33
45	decode	1.00296	0.274334	30.1964	118.072	33	118.072	33
46	decode	1.00299	0.269262	29.637	118.072	33	118.072	33
47	decode	1.00302	0.264492	29.1108	117.841	33	118.072	33
48	decode	1.00305	0.272063	29.943	117.147	33	117.147	33
49	decode	1.00308	0.272082	29.9439	117.147	33	117.147	33
50	decode	1.00311	0.272244	29.9607	117.758	33	119.589	33
51	decode	1.00313	0.269677	29.677	119.589	33	119.589	33
52	decode	1.00316	0.272997	30.0412	119.589	33	119.589	33
53	decode	1.00319	0.25629	28.2017	119.739	33	120.19	33
54	decode	1.00322	0.270372	29.7501	120.19	33	120.19	33
55	decode	1.00325	0.271979	29.9259	120.19	33	120.19	33
56	decode	1.00328	0.271698	29.8937	117.876	33	120.19	33
57	decode	1.0033	0.270821	29.7962	113.249	33	113.249	33
58	decode	1.00333	0.270309	29.7387	113.249	33	113.249	33
59	decode	1.00336	0.269741	29.6751	115.431	33	121.977	33
60	decode	1.00339	0.268489	29.5363	121.977	33	121.977	33
61	decode	1.00342	0.271124	29.825	121.977	33	121.977	33
62	decode	1.00345	0.270888	29.7979	119.034	33	121.977	33
63	decode	1.00347	0.272132	29.9336	110.206	33	110.206	33
64	decode	1.0035	0.271303	29.8412	110.206	33	110.206	33
65	decode	1.00353	0.269999	29.6968	110.884	33	112.918	33
66	decode	1.00356	0.270417	29.7416	112.918	33	112.918	33
67	decode	1.00359	0.271415	29.8502	112.918	33	112.918	33
68	decode	1.00362	0.270081	29.7024	111.4	33	112.918	33
69	decode	1.00365	0.270215	29.716	109.882	33	109.882	33
70	decode	1.00367	0.27132	29.8363	109.882	33	109.882	33
71	decode	1.0037	0.268366	29.5105	114.112	33	118.341	33
72	decode	1.00373	0.270945	29.7928	118.341	33	118.341	33
73	decode	1.00376	0.271952	29.9024	118.341	33	118.341	33
74	decode	1.00379	0.271631	29.866	116.985	33	118.341	33
75	decode	1.00382	0.270484	29.7388	115.629	33	115.629	33
76	decode	1.00384	0.272701	29.9815	115.629	33	115.629	33
77	decode	1.00387	0.260927	28.6859	111.7	33	115.629	33
78	decode	1.0039	0.265438	29.1808	107.771	33	107.771	33
79	decode	1.00393	0.271128	29.8051	107.771	33	107.771	33
80	decode	1.00396	0.273149	30.0262	111.7	33	115.629	33
81	decode	1.00399	0.272796	29.9862	115.629	33	115.629	33
82	decode	1.00402	0.271182	29.8077	115.629	33	115.629	33
83	decode	1.00404	0.258963	28.4635	112.321	33	115.629	33
84	decode	1.00407	0.271064	29.7925	109.012	33	109.012	33
85	decode	1.0041	0.271715	29.8629	109.012	33	109.012	33
86	decode	1.00413	0.272224	29.9177	112.321	33	115.629	33
87	decode	1.00416	0.272639	29.9622	115.629	33	115.629	33
88	decode	1.00419	0.273072	30.0086	115.629	33	115.629	33
89	decode	1.00421	0.264635	29.0803	120.321	33	125.013	33
90	decode	1.00424	0.273483	30.0515	125.013	33	125.013	33
91	decode	1.00427	0.272043	29.8922	125.013	33	125.013	33
92	decode	1.0043	0.271286	29.8079	115.957	33	125.013	33
93	decode	1.00433	0.273984	30.1032	106.901	33	106.901	33
94	decode	1.00436	0.271915	29.8747	106.901	33	106.901	33
95	decode	1.00439	0.263994	29.0034	109.38	33	110.206	33
96	decode	1.00441	0.272353	29.9206	110.206	33	110.206	33
97	decode	1.00444	0.272012	29.8819	110.206	33	110.206	33
98	decode	1.00447	0.268032	29.4436	113.586	33	114.713	33
99	decode	1.0045	0.272019	29.8804	114.713	33	114.713	33
100	decode	1.00453	0.272853	29.971	114.713	33	114.713	33
101	decode	1.00456	0.263495	28.942	115.4	33	115.629	33
102	decode	1.00458	0.271084	29.7743	115.629	33	115.629	33
103	decode	1.00461	0.271051	29.7697	115.629	33	115.629	33
104	decode	1.00464	0.269565	29.6053	115.968	33	116.081	33
105	decode	1.00467	0.271876	29.8579	116.081	33	116.081	33
106	decode	1.0047	0.272901	29.9695	116.081	33	116.081	33
107	decode	1.00473	0.271731	29.8398	107.283	33	116.081	33
108	decode	1.00475	0.272037	29.8723	104.35	33	104.35	33
109	decode	1.00478	0.272448	29.9163	104.35	33	104.35	33
110	decode	1.00481	0.272568	29.9284	106.951	33	108.252	33
111	decode	1.00484	0.271808	29.8437	108.252	33	108.252	33
112	decode	1.00487	0.259737	28.5173	108.252	33	108.252	33
113	decode	1.0049	0.27234	29.8999	117.758	33	120.927	33
114	decode	1.00493	0.271692	29.8276	120.927	33	120.927	33
115	decode	1.00495	0.271949	29.8548	120.927	33	120.927	33
116	decode	1.00498	0.270718	29.7185	110.609	33	120.927	33
117	decode	1.00501	0.273497	30.0224	107.17	33	107.17	33
118	decode	1.00504	0.270541	29.6968	107.17	33	107.17	33
119	decode	1.00507	0.270889	29.7338	106.968	33	107.17	33
120	decode	1.0051	0.27094	29.7383	106.901	33	106.901	33
121	decode	1.00512	0.271665	29.8168	106.901	33	106.901	33
122	decode	1.00515	0.272427	29.8993	107.17	33	107.17	33
123	decode	1.00518	0.27257	29.9138	107.17	33	107.17	33
124	decode	1.00521	0.272413	29.8955	107.17	33	107.17	33
125	decode	1.00524	0.272467	29.9003	113.842	33	113.842	33
126	decode	1.00527	0.272471	29.8996	113.842	33	113.842	33
127	decode	1.00529	0.271941	29.8403	113.842	33	113.842	33
128	decode	1.00532	0.273429	30.0024	100.553	33	100.553	33
129	decode	1.00535	0.272286	29.8759	100.553	33	100.553	33
130	decode	1.00538	0.273545	30.013	100.553	33	100.553	33
131	decode	1.00541	0.272996	29.9516	126.53	33	126.53	33
132	decode	1.00544	0.271165	29.7496	126.53	33	126.53	33
133	decode	1.00547	0.270871	29.7162	126.53	33	126.53	33
134	decode	1.00549	0.273561	30.0102	102.671	34	102.671	34
135	decode	1.00552	0.273576	30.0107	102.671	34	102.671	34
136	decode	1.00555	0.272678	29.911	102.671	34	102.671	34
137	decode	1.00558	0.272102	29.8468	101.423	34	101.423	34
138	decode	1.00561	0.272102	29.8456	101.423	34	101.423	34
139	decode	1.00564	0.271217	29.7474	101.423	34	101.423	34
140	decode	1.00566	0.273718	30.0205	117.748	33	117.748	33
141	decode	1.00569	0.274052	30.056	117.748	33	117.748	33
142	decode	1.00572	0.273031	29.943	117.748	33	117.748	33
143	decode	1.00575	0.273425	29.985	120.19	33	120.19	33
144	decode	1.00578	0.267386	29.3216	120.19	33	120.19	33
145	decode	1.00581	0.272861	29.921	120.19	33	120.19	33
146	decode	1.00583	0.273158	29.9524	126.076	33	126.076	33
147	decode	1.00586	0.273019	29.936	126.076	33	126.076	33
148	decode	1.00589	0.274266	30.0716	119.845	33	126.076	33
149	decode	1.00592	0.273657	30.0037	101.154	33	101.154	33
150	decode	1.00595	0.272364	29.8608	101.154	33	101.154	33
151	decode	1.00598	0.269648	29.5619	103.336	33	109.882	33
152	decode	1.006	0.271475	29.7611	109.882	34	109.882	34
153	decode	1.00603	0.273433	29.9746	109.882	34	109.882	34
154	decode	1.00606	0.272086	29.8258	112.147	34	118.942	34
155	decode	1.00609	0.274583	30.0984	118.942	34	118.942	34
156	decode	1.00612	0.27348	29.9763	118.942	34	118.942	34
157	decode	1.00615	0.273306	29.9562	118.942	34	118.942	34
158	decode	1.00618	0.27388	30.018	105.059	33	105.059	33
159	decode	1.0062	0.269198	29.5037	105.059	33	105.059	33
160	decode	1.00623	0.273117	29.9321	105.059	33	105.059	33
161	decode	1.00626	0.273372	29.9588	109.289	33	109.289	33
162	decode	1.00629	0.271236	29.7237	109.289	33	109.289	33
163	decode	1.00632	0.273082	29.9249	109.289	33	109.289	33
164	decode	1.00635	0.270722	29.6651	113.249	33	113.249	33
165	decode	1.00637	0.273649	29.9847	113.249	33	113.249	33
166	decode	1.0064	0.273008	29.9133	113.249	33	113.249	33
167	decode	1.00643	0.261891	28.6941	108.095	33	108.095	33
168	decode	1.00646	0.270747	29.6634	108.095	33	108.095	33
169	decode	1.00649	0.272566	29.8616	108.095	33	108.095	33
170	decode	1.00652	0.273971	30.0143	104.459	33	104.459	33
171	decode	1.00654	0.272512	29.8533	104.459	33	104.459	33
172	decode	1.00657	0.271433	29.7341	104.459	33	104.459	33
173	decode	1.0066	0.273411	29.9496	117.748	33	117.748	33
174	decode	1.00663	0.273149	29.9198	117.748	33	117.748	33
175	decode	1.00666	0.261877	28.684	117.748	33	117.748	33
176	decode	1.00669	0.268815	29.4428	125.013	33	125.013	33
177	decode	1.00671	0.272926	29.892	125.013	33	125.013	33
178	decode	1.00674	0.271693	29.7558	125.013	33	125.013	33
179	decode	1.00677	0.273349	29.936	116.823	33	116.823	33
180	decode	1.0068	0.273768	29.9809	116.823	33	116.823	33
181	decode	1.00683	0.271591	29.7412	117.041	33	117.478	33
182	decode	1.00686	0.273695	29.9706	117.478	33	117.478	33
183	decode	1.00689	0.271077	29.6827	117.478	33	117.478	33
184	decode	1.00691	0.273495	29.9464	113.789	33	117.478	33
185	decode	1.00694	0.27268	29.856	106.41	33	106.41	33
186	decode	1.00697	0.274471	30.051	106.41	33	106.41	33
187	decode	1.007	0.273955	29.9934	105.361	33	106.41	33
188	decode	1.00703	0.273818	29.9773	103.264	33	103.264	33
189	decode	1.00706	0.275698	30.1819	103.264	33	103.264	33
190	decode	1.00708	0.273122	29.8988	106.988	33	114.435	33
191	decode	1.00711	0.272168	29.7932	114.435	33	114.435	33
192	decode	1.00714	0.272291	29.8056	114.435	33	114.435	33
193	decode	1.00717	0.273076	29.8904	115.231	33.3333	116.823	34
194	decode	1.0072	0.27498	30.0977	116.823	34	116.823	34
195	decode	1.00723	0.273777	29.9648	116.823	34	116.823	34
196	decode	1.00725	0.272559	29.8304	116.027	34	116.823	34
197	decode	1.00728	0.273894	29.9754	114.435	34	114.435	34
198	decode	1.00731	0.273405	29.9207	114.435	34	114.435	34
199	decode	1.00734	0.271422	29.7027	115.449	34	117.478	34
200	decode	1.00737	0.274178	30.0031	117.478	34	117.478	34
201	decode	1.0074	0.275078	30.1005	117.478	34	117.478	34
202	decode	1.00742	0.275007	30.0915	120.894	34	127.725	34
203	decode	1.00745	0.273242	29.8973	127.725	34	127.725	34
204	decode	1.00748	0.273531	29.9278	127.725	34	127.725	34
205	decode	1.00751	0.267629	29.2809	127.021	34	127.725	34
206	decode	1.00754	0.274481	30.0295	125.614	34	125.614	34
207	decode	1.00757	0.263153	28.789	125.614	34	125.614	34
208	decode	1.00759	0.268524	29.3755	117.766	34	125.614	34
209	decode	1.00762	0.272043	29.7594	102.07	34	102.07	34
210	decode	1.00765	0.273212	29.8861	102.07	34	102.07	34
211	decode	1.00768	0.274118	29.9842	103.372	33.6667	105.976	34
212	decode	1.00771	0.272824	29.8415	105.976	33	105.976	33
213	decode	1.00774	0.274931	30.0708	105.976	33	105.976	33
214	decode	1.00776	0.26509	28.9934	112.92	33	126.808	33
215	decode	1.00779	0.268484	29.3635	126.808	33	126.808	33
216	decode	1.00782	0.273615	29.9235	126.808	33	126.808	33
217	decode	1.00785	0.273294	29.8872	120.367	33.3333	126.808	34
218	decode	1.00788	0.272812	29.8334	117.147	34	117.147	34
219	decode	1.00791	0.274488	30.0156	117.147	34	117.147	34
220	decode	1.00793	0.261157	28.5567	109.7	34	117.147	34
221	decode	1.00796	0.275512	30.1253	105.976	34	105.976	34
222	decode	1.00799	0.273855	29.9429	105.976	34	105.976	34
223	decode	1.00802	0.273135	29.8631	109.807	34	111.723	34
224	decode	1.00805	0.273572	29.9097	111.723	34	111.723	34
225	decode	1.00808	0.274052	29.9611	111.723	34	111.723	34
226	decode	1.00811	0.273646	29.9156	120.274	34	124.549	34
227	decode	1.00813	0.273773	29.9284	124.549	34	124.549	34
228	decode	1.00816	0.273027	29.8457	124.549	34	124.549	34
229	decode	1.00819	0.272953	29.8364	116.477	34	124.549	34
230	decode	1.00822	0.273836	29.9319	112.441	34	112.441	34
231	decode	1.00825	0.270084	29.5207	112.441	34	112.441	34
232	decode	1.00828	0.272778	29.814	107.916	34	112.441	34
233	decode	1.0083	0.273728	29.9167	105.653	34	105.653	34
234	decode	1.00833	0.273644	29.9064	105.653	34	105.653	34
235	decode	1.00836	0.275521	30.1104	109.777	34	111.839	34
236	decode	1.00839	0.274183	29.963	111.839	34	111.839	34
237	decode	1.00842	0.274033	29.9456	111.839	34	111.839	34
238	decode	1.00845	0.273386	29.8737	117.37	34	122.902	34
239	decode	1.00847	0.273284	29.8614	122.902	34	122.902	34
240	decode	1.0085	0.274111	29.9506	122.902	34	122.902	34
241	decode	1.00853	0.273811	29.9168	116.554	34	122.902	34
242	decode	1.00856	0.272958	29.8224	110.206	34	110.206	34
243	decode	1.00859	0.275034	30.0482	110.206	34	110.206	34
244	decode	1.00862	0.273698	29.901	109.877	34	110.206	34
245	decode	1.00864	0.273205	29.8461	109.768	34	109.768	34
246	decode	1.00867	0.274502	29.9866	109.768	34	109.768	34
247	decode	1.0087	0.274442	29.979	111.868	34	112.918	34
248	decode	1.00873	0.274535	29.988	112.918	34	112.918	34
249	decode	1.00876	0.27425	29.9557	112.918	34	112.918	34
250	decode	1.00879	0.274737	30.0078	114.035	34	114.593	34
251	decode	1.00881	0.273169	29.8354	114.593	34	114.593	34
252	decode	1.00884	0.273709	29.8933	114.593	34	114.593	34
253	decode	1.00887	0.272987	29.8133	111.132	34	114.593	34
254	decode	1.0089	0.274426	29.9693	109.402	34	109.402	34
