0	prefill	3158.13	76.6712	12600.4	224.924	21.4	291.694	37
1	decode	31.3828	9.90724	1365.11	80.671	37	80.671	37
2	decode	31.3778	10.2162	1407.61	80.671	37	80.671	37
3	decode	31.3728	10.3023	1419.39	80.671	37	80.671	37
4	decode	31.3679	10.4176	1435.21	120.629	55	160.587	73
5	decode	31.3629	10.3296	1423	160.587	73	160.587	73
6	decode	31.3579	10.465	1441.58	160.587	73	160.587	73
7	decode	31.353	10.3315	1423.12	160.587	73	160.587	73
8	decode	31.348	10.3095	1420.01	160.587	73	160.587	73
9	decode	31.3431	10.43	1436.53	150.074	73	150.074	73
10	decode	31.3381	10.4581	1440.32	150.074	73	150.074	73
11	decode	31.3332	10.4495	1439.06	150.074	73	150.074	73
12	decode	31.3282	10.4346	1436.93	150.074	73	150.074	73
13	decode	31.3233	10.4449	1438.26	154.45	58.6667	163.201	73
14	decode	31.3183	10.4303	1436.18	163.201	30	163.201	30
15	decode	31.3134	10.467	1441.15	163.201	30	163.201	30
16	decode	31.3085	10.4404	1437.41	163.201	30	163.201	30
17	decode	31.3035	10.452	1438.94	163.201	30	163.201	30
18	decode	31.2986	10.4064	1432.57	159.402	30	163.201	30
19	decode	31.2937	10.5028	1445.77	157.502	30	157.502	30
20	decode	31.2887	10.1534	1397.59	157.502	30	157.502	30
21	decode	31.2838	10.5233	1448.43	157.502	30	157.502	30
22	decode	31.2789	10.527	1448.86	151.673	30	157.502	30
23	decode	31.2739	10.486	1443.14	145.844	35	145.844	35
24	decode	31.269	10.3989	1431.08	145.844	35	145.844	35
25	decode	31.2641	10.4839	1442.69	145.844	35	145.844	35
26	decode	31.2592	10.4015	1431.28	145.844	35	145.844	35
27	decode	31.2543	10.5329	1449.29	162.006	35	162.006	35
28	decode	31.2494	10.4671	1440.15	162.006	35	162.006	35
29	decode	31.2444	10.4819	1442.11	162.006	35	162.006	35
30	decode	31.2395	10.4766	1441.3	162.006	35	162.006	35
31	decode	31.2346	10.5024	1444.78	166.702	35	171.399	35
32	decode	31.2297	10.5144	1446.35	171.399	35	171.399	35
33	decode	31.2248	10.4932	1443.35	171.399	35	171.399	35
34	decode	31.2199	10.5248	1447.62	171.399	35	171.399	35
35	decode	31.215	10.5358	1449.05	171.399	35	171.399	35
36	decode	31.2101	10.5022	1444.35	158.533	35	158.533	35
37	decode	31.2052	10.1096	1390.28	158.533	35	158.533	35
38	decode	31.2003	10.5073	1444.89	158.533	35	158.533	35
39	decode	31.1954	10.5292	1447.84	158.533	35	158.533	35
40	decode	31.1905	10.4539	1437.4	161.928	35.5	165.322	36
41	decode	31.1857	10.5237	1446.93	165.322	36	165.322	36
42	decode	31.1808	10.4107	1431.31	165.322	36	165.322	36
43	decode	31.1759	10.4961	1442.96	165.322	36	165.322	36
44	decode	31.171	10.5029	1443.83	165.322	36	165.322	36
45	decode	31.1661	10.519	1445.96	154.734	36	154.734	36
46	decode	31.1612	10.2004	1402.09	154.734	36	154.734	36
47	decode	31.1564	10.462	1437.97	154.734	36	154.734	36
48	decode	31.1515	10.1269	1391.84	154.734	36	154.734	36
49	decode	31.1466	10.4109	1430.79	164.262	36.5	173.79	37
50	decode	31.1418	10.1005	1388.06	173.79	37	173.79	37
51	decode	31.1369	10.3042	1415.97	173.79	37	173.79	37
52	decode	31.132	10.363	1423.98	173.79	37	173.79	37
53	decode	31.1272	10.4279	1432.81	171.585	37	173.79	37
54	decode	31.1223	10.3263	1418.78	169.38	37	169.38	37
55	decode	31.1174	10.4243	1432.17	169.38	37	169.38	37
56	decode	31.1126	10.3835	1426.49	169.38	37	169.38	37
57	decode	31.1077	10.5494	1449.21	169.38	37	169.38	37
58	decode	31.1029	10.5333	1446.92	166.992	37	166.992	37
59	decode	31.098	10.2824	1412.37	166.992	37	166.992	37
60	decode	31.0932	10.5213	1445.11	166.992	37	166.992	37
61	decode	31.0883	10.5711	1451.86	166.992	37	166.992	37
62	decode	31.0835	10.342	1420.33	172.716	37	178.44	37
63	decode	31.0786	10.508	1443.04	178.44	37	178.44	37
64	decode	31.0738	10.3688	1423.85	178.44	37	178.44	37
65	decode	31.069	10.4495	1434.86	178.44	37	178.44	37
66	decode	31.0641	10.4542	1435.42	178.44	37	178.44	37
67	decode	31.0593	10.4899	1440.25	190.733	40	190.733	40
68	decode	31.0545	10.4571	1435.66	190.733	40	190.733	40
69	decode	31.0496	10.3868	1425.93	190.733	40	190.733	40
70	decode	31.0448	10.4758	1438.09	190.733	40	190.733	40
71	decode	31.04	10.3609	1422.22	200.396	40	210.059	40
72	decode	31.0352	10.158	1394.3	210.059	40	210.059	40
73	decode	31.0303	10.3458	1420	210.059	40	210.059	40
74	decode	31.0255	10.4509	1434.36	210.059	40	210.059	40
75	decode	31.0207	10.4255	1430.78	210.059	40	210.059	40
76	decode	31.0159	9.47976	1300.93	185.574	40	185.574	40
77	decode	31.0111	10.2268	1403.37	185.574	40	185.574	40
78	decode	31.0063	10.5398	1446.24	185.574	40	185.574	40
79	decode	31.0014	10.5031	1441.13	185.574	40	185.574	40
80	decode	30.9966	10.5026	1440.98	197.817	40	210.059	40
81	decode	30.9918	10.5045	1441.17	210.059	40	210.059	40
82	decode	30.987	10.4903	1439.14	210.059	40	210.059	40
83	decode	30.9822	10.5162	1442.62	210.059	40	210.059	40
84	decode	30.9774	10.4886	1438.75	210.059	40	210.059	40
85	decode	30.9726	10.535	1445.04	201.314	41	201.314	41
86	decode	30.9678	10.5036	1440.66	201.314	41	201.314	41
87	decode	30.963	10.4587	1434.41	201.314	41	201.314	41
88	decode	30.9582	10.3901	1424.93	201.314	41	201.314	41
89	decode	30.9535	10.5217	1442.9	211.143	41	220.972	41
90	decode	30.9487	10.47	1435.73	220.972	41	220.972	41
91	decode	30.9439	10.5258	1443.3	220.972	41	220.972	41
92	decode	30.9391	10.4225	1429.06	220.972	41	220.972	41
93	decode	30.9343	10.4499	1432.75	220.972	41	220.972	41
94	decode	30.9295	10.5182	1442.03	198.07	43	198.07	43
95	decode	30.9248	10.5442	1445.52	198.07	43	198.07	43
96	decode	30.92	10.4815	1436.85	198.07	43	198.07	43
97	decode	30.9152	10.5143	1441.26	198.07	43	198.07	43
98	decode	30.9104	10.5282	1443.09	202.681	43	211.903	43
99	decode	30.9057	10.2255	1401.53	211.903	43	211.903	43
100	decode	30.9009	10.029	1374.51	211.903	43	211.903	43
101	decode	30.8961	10.5205	1441.8	211.903	43	211.903	43
102	decode	30.8914	10.3725	1421.45	212.103	43	212.504	43
103	decode	30.8866	10.5279	1442.66	212.504	43	212.504	43
104	decode	30.8818	10.3831	1422.75	212.504	43	212.504	43
105	decode	30.8771	10.5397	1444.13	212.504	43	212.504	43
106	decode	30.8723	9.42292	1291.04	212.504	43	212.504	43
107	decode	30.8676	10.5178	1440.97	195.291	43	195.291	43
108	decode	30.8628	10.5126	1440.18	195.291	43	195.291	43
109	decode	30.8581	10.5586	1446.41	195.291	43	195.291	43
110	decode	30.8533	10.528	1442.13	195.291	43	195.291	43
111	decode	30.8486	10.5029	1438.62	201.017	42.5	206.743	43
112	decode	30.8438	10.5253	1441.61	206.743	42	206.743	42
113	decode	30.8391	10.5622	1446.59	206.743	42	206.743	42
114	decode	30.8343	10.5467	1444.39	206.743	42	206.743	42
115	decode	30.8296	10.5695	1447.43	206.743	42	206.743	42
116	decode	30.8249	10.5308	1442.05	187.417	42	187.417	42
117	decode	30.8201	10.4951	1437.08	187.417	42	187.417	42
118	decode	30.8154	10.5047	1438.32	187.417	42	187.417	42
119	decode	30.8107	10.5194	1440.26	187.417	42	187.417	42
120	decode	30.8059	10.3938	1422.98	188.72	42.3333	191.327	43
121	decode	30.8012	10.4272	1427.48	191.327	43	191.327	43
122	decode	30.7965	10.4372	1428.77	191.327	43	191.327	43
123	decode	30.7918	10.5204	1440.08	191.327	43	191.327	43
124	decode	30.7871	10.5024	1437.54	191.327	43	191.327	43
125	decode	30.7823	10.5072	1438.13	206.638	43	214.293	43
126	decode	30.7776	10.5257	1440.57	214.293	43	214.293	43
127	decode	30.7729	10.4824	1434.57	214.293	43	214.293	43
128	decode	30.7682	10.46	1431.43	214.293	43	214.293	43
129	decode	30.7635	10.5083	1437.97	214.602	43.3333	215.219	44
130	decode	30.7588	10.4904	1435.44	215.219	44	215.219	44
131	decode	30.7541	10.5109	1438.17	215.219	44	215.219	44
132	decode	30.7494	10.4859	1434.67	215.219	44	215.219	44
133	decode	30.7447	10.4871	1434.76	215.219	44	215.219	44
134	decode	30.74	10.53	1440.55	201.583	44	215.219	44
135	decode	30.7353	10.5152	1438.45	194.765	44	194.765	44
136	decode	30.7306	10.3491	1415.64	194.765	44	194.765	44
137	decode	30.7259	10.4734	1432.56	194.765	44	194.765	44
138	decode	30.7212	10.4832	1433.83	194.765	44	194.765	44
139	decode	30.7165	10.4714	1432.14	194.765	44	194.765	44
140	decode	30.7118	10.4623	1430.83	194.765	44	194.765	44
141	decode	30.7071	10.4884	1434.31	194.765	44	194.765	44
142	decode	30.7024	10.4976	1435.49	194.765	44	194.765	44
143	decode	30.6977	10.463	1430.69	206.987	44	213.098	44
144	decode	30.693	10.4899	1434.29	213.098	44	213.098	44
145	decode	30.6884	10.4059	1422.72	213.098	44	213.098	44
146	decode	30.6837	10.498	1435.24	213.098	44	213.098	44
147	decode	30.679	10.5367	1440.45	213.098	44	213.098	44
148	decode	30.6743	10.5107	1436.82	210.383	45	210.383	45
149	decode	30.6697	10.515	1437.33	210.383	45	210.383	45
150	decode	30.665	10.5345	1439.92	210.383	45	210.383	45
151	decode	30.6603	10.4612	1429.82	210.383	45	210.383	45
152	decode	30.6557	10.4656	1430.36	201.706	45	201.706	45
153	decode	30.651	10.5431	1440.86	201.706	45	201.706	45
154	decode	30.6463	10.5352	1439.71	201.706	45	201.706	45
155	decode	30.6417	10.564	1443.56	201.706	45	201.706	45
156	decode	30.637	10.4979	1434.45	207.105	44.5	212.504	45
157	decode	30.6324	10.5332	1439.2	212.504	44	212.504	44
158	decode	30.6277	10.5739	1444.69	212.504	44	212.504	44
159	decode	30.623	10.5553	1442.06	212.504	44	212.504	44
160	decode	30.6184	10.5368	1439.47	212.504	44	212.504	44
161	decode	30.6137	10.5305	1438.52	223.093	44	223.093	44
162	decode	30.6091	10.5211	1437.16	223.093	44	223.093	44
163	decode	30.6045	10.5551	1441.73	223.093	44	223.093	44
164	decode	30.5998	10.5442	1440.16	223.093	44	223.093	44
165	decode	30.5952	10.5957	1447.12	208.73	44	223.093	44
166	decode	30.5905	9.7897	1336.97	194.366	44	194.366	44
167	decode	30.5859	9.72496	1328.05	194.366	44	194.366	44
168	decode	30.5813	10.3549	1414	194.366	44	194.366	44
169	decode	30.5766	10.496	1433.19	194.366	44	194.366	44
170	decode	30.572	10.4619	1428.46	186.306	44	186.306	44
171	decode	30.5674	10.5094	1434.87	186.306	44	186.306	44
172	decode	30.5627	10.475	1430.1	186.306	44	186.306	44
173	decode	30.5581	9.90124	1351.69	186.306	44	186.306	44
174	decode	30.5535	10.286	1404.15	197.45	44	208.594	44
175	decode	30.5489	10.4365	1424.61	208.594	44	208.594	44
176	decode	30.5442	10.0688	1374.34	208.594	44	208.594	44
177	decode	30.5396	10.511	1434.62	208.594	44	208.594	44
178	decode	30.535	10.5099	1434.4	208.594	44	208.594	44
179	decode	30.5304	10.498	1432.7	211.952	44	211.952	44
180	decode	30.5258	10.5331	1437.41	211.952	44	211.952	44
181	decode	30.5212	10.4384	1424.41	211.952	44	211.952	44
182	decode	30.5165	10.4776	1429.68	211.952	44	211.952	44
183	decode	30.5119	10.5454	1438.85	209.05	44.5	211.952	45
184	decode	30.5073	10.4182	1421.43	206.149	45	206.149	45
185	decode	30.5027	10.4842	1430.36	206.149	45	206.149	45
186	decode	30.4981	10.5288	1436.36	206.149	45	206.149	45
187	decode	30.4935	10.516	1434.54	209.488	45	212.828	45
188	decode	30.4889	10.5287	1436.19	212.828	45	212.828	45
189	decode	30.4843	10.558	1440.11	212.828	45	212.828	45
190	decode	30.4797	10.433	1422.98	212.828	45	212.828	45
191	decode	30.4751	10.5868	1443.89	212.828	45	212.828	45
192	decode	30.4706	10.5453	1438.15	218.851	46	218.851	46
193	decode	30.466	10.5129	1433.66	218.851	46	218.851	46
194	decode	30.4614	10.5345	1436.53	218.851	46	218.851	46
195	decode	30.4568	10.5287	1435.65	218.851	46	218.851	46
196	decode	30.4522	10.4812	1429.1	224.743	46	230.635	46
197	decode	30.4476	10.515	1433.64	230.635	46	230.635	46
198	decode	30.4431	10.5276	1435.28	230.635	46	230.635	46
199	decode	30.4385	10.5272	1435.15	230.635	46	230.635	46
200	decode	30.4339	10.4977	1431.05	230.635	46	230.635	46
201	decode	30.4293	10.5268	1434.94	214.293	46	214.293	46
202	decode	30.4248	10.5365	1436.18	214.293	46	214.293	46
203	decode	30.4202	10.5847	1442.68	214.293	46	214.293	46
204	decode	30.4156	9.69821	1321.78	214.293	46	214.293	46
205	decode	30.4111	10.4139	1419.24	204.988	46	214.293	46
206	decode	30.4065	10.4885	1429.34	195.682	46	195.682	46
207	decode	30.4019	10.4759	1427.54	195.682	46	195.682	46
208	decode	30.3974	10.4596	1425.24	195.682	46	195.682	46
209	decode	30.3928	10.5553	1438.2	195.682	46	195.682	46
210	decode	30.3882	10.5076	1431.63	202.03	46	202.03	46
211	decode	30.3837	10.5407	1436.06	202.03	46	202.03	46
212	decode	30.3791	10.5237	1433.67	202.03	46	202.03	46
213	decode	30.3746	10.5499	1437.16	202.03	46	202.03	46
214	decode	30.37	10.5251	1433.7	218.153	46	234.275	46
215	decode	30.3655	10.5168	1432.49	234.275	46	234.275	46
216	decode	30.3609	10.4253	1419.95	234.275	46	234.275	46
217	decode	30.3564	10.5632	1438.66	234.275	46	234.275	46
218	decode	30.3519	10.3945	1415.61	234.275	46	234.275	46
219	decode	30.3473	10.5826	1441.15	216.19	47	216.19	47
220	decode	30.3428	10.5744	1439.95	216.19	47	216.19	47
221	decode	30.3382	10.5896	1441.95	216.19	47	216.19	47
222	decode	30.3337	10.5089	1430.88	216.19	47	216.19	47
223	decode	30.3292	10.5462	1435.88	221.775	47	227.36	47
224	decode	30.3246	10.5657	1438.47	227.36	47	227.36	47
225	decode	30.3201	10.5974	1442.7	227.36	47	227.36	47
226	decode	30.3156	10.5018	1429.61	227.36	47	227.36	47
227	decode	30.3111	10.5533	1436.55	218.409	47	227.36	47
228	decode	30.3065	10.5347	1433.93	209.458	47	209.458	47
229	decode	30.302	10.5292	1433.11	209.458	47	209.458	47
230	decode	30.2975	10.6101	1444.04	209.458	47	209.458	47
231	decode	30.293	10.5099	1430.34	209.458	47	209.458	47
232	decode	30.2885	10.4593	1423.36	207.075	47	207.075	47
233	decode	30.2839	10.5391	1434.15	207.075	47	207.075	47
234	decode	30.2794	10.5467	1435.11	207.075	47	207.075	47
235	decode	30.2749	10.499	1428.54	207.075	47	207.075	47
236	decode	30.2704	10.5395	1433.98	211.707	47	220.972	47
237	decode	30.2659	10.5372	1433.59	220.972	47	220.972	47
238	decode	30.2614	10.5505	1435.32	220.972	47	220.972	47
239	decode	30.2569	10.5786	1439.07	220.972	47	220.972	47
240	decode	30.2524	10.4506	1421.58	220.972	47	220.972	47
241	decode	30.2479	10.2021	1387.7	230.365	47	230.365	47
242	decode	30.2434	10.4988	1427.98	230.365	47	230.365	47
243	decode	30.2389	10.4806	1425.43	230.365	47	230.365	47
244	decode	30.2344	10.5193	1430.62	230.365	47	230.365	47
245	decode	30.2299	10.4739	1424.36	224.844	47	230.365	47
246	decode	30.2254	10.5288	1431.76	213.801	47	213.801	47
247	decode	30.2209	10.565	1436.6	213.801	47	213.801	47
248	decode	30.2164	10.4856	1425.73	213.801	47	213.801	47
249	decode	30.212	10.5524	1434.74	213.801	47	213.801	47
250	decode	30.2075	10.5198	1430.23	205.878	47	213.801	47
251	decode	30.203	10.4918	1426.33	201.916	47	201.916	47
252	decode	30.1985	10.5748	1437.54	201.916	47	201.916	47
253	decode	30.194	10.5292	1431.28	201.916	47	201.916	47
254	decode	30.1896	10.5804	1438.16	213.209	47	235.794	47
