0	prefill	202.22	8.67383	1425.48	94.049	9	98.995	9
1	decode	2.00988	0.654311	90.1573	89.103	9	89.103	9
2	decode	2.00996	0.6575	90.5918	192.968	19	192.968	19
3	decode	2.01005	0.65939	90.8472	192.968	19	192.968	19
4	decode	2.01013	0.660084	90.9379	192.968	19	192.968	19
5	decode	2.01021	0.660045	90.9277	192.968	19	192.968	19
6	decode	2.01029	0.660786	91.0248	151.177	19	192.968	19
7	decode	2.01037	0.660875	91.0322	109.385	19	109.385	19
8	decode	2.01045	0.655758	90.3224	109.385	19	109.385	19
9	decode	2.01053	0.659659	90.8549	109.385	19	109.385	19
10	decode	2.01062	0.659932	90.8875	104.807	19	109.385	19
11	decode	2.0107	0.657229	90.5104	100.229	21	100.229	21
12	decode	2.01078	0.654272	90.0982	100.229	21	100.229	21
13	decode	2.01086	0.6584	90.6618	100.229	21	100.229	21
14	decode	2.01094	0.659337	90.7859	100.229	21	100.229	21
15	decode	2.01102	0.644977	88.8038	107.17	21	107.17	21
16	decode	2.01111	0.650641	89.5788	107.17	21	107.17	21
17	decode	2.01119	0.658073	90.5971	107.17	21	107.17	21
18	decode	2.01127	0.659721	90.819	107.17	21	107.17	21
19	decode	2.01135	0.66128	91.0288	104.759	23	107.17	25
20	decode	2.01143	0.651236	89.6413	102.348	25	102.348	25
21	decode	2.01151	0.658648	90.6566	102.348	25	102.348	25
22	decode	2.01159	0.657781	90.5323	102.348	25	102.348	25
23	decode	2.01168	0.657059	90.4281	102.348	25	102.348	25
24	decode	2.01176	0.654233	90.0343	105.563	25	107.17	25
25	decode	2.01184	0.663184	91.2612	107.17	25	107.17	25
26	decode	2.01192	0.657345	90.4529	107.17	25	107.17	25
27	decode	2.012	0.658868	90.6575	107.17	25	107.17	25
28	decode	2.01208	0.659424	90.7291	107.17	25	107.17	25
29	decode	2.01216	0.659755	90.7697	100.229	25	100.229	25
30	decode	2.01225	0.658173	90.5471	100.229	25	100.229	25
31	decode	2.01233	0.65882	90.6312	100.229	25	100.229	25
32	decode	2.01241	0.655955	90.2323	100.229	25	100.229	25
33	decode	2.01249	0.655117	90.112	103.565	25	106.901	25
34	decode	2.01257	0.657222	90.3968	106.901	25	106.901	25
35	decode	2.01265	0.65811	90.514	106.901	25	106.901	25
36	decode	2.01273	0.661199	90.9339	106.901	25	106.901	25
37	decode	2.01282	0.659289	90.6663	106.901	25	106.901	25
38	decode	2.0129	0.653632	89.8835	100.553	25	100.553	25
39	decode	2.01298	0.660623	90.84	100.553	25	100.553	25
40	decode	2.01306	0.658321	90.5185	100.553	25	100.553	25
41	decode	2.01314	0.658674	90.5621	100.553	25	100.553	25
42	decode	2.01322	0.656402	90.2449	101.15	25	101.747	25
43	decode	2.01331	0.659011	90.5987	101.747	25	101.747	25
44	decode	2.01339	0.658203	90.4827	101.747	25	101.747	25
45	decode	2.01347	0.631578	86.8179	101.747	25	101.747	25
46	decode	2.01355	0.656721	90.2693	102.209	25	102.671	25
47	decode	2.01363	0.662414	91.0469	102.671	25	102.671	25
48	decode	2.01371	0.658873	90.5552	102.671	25	102.671	25
49	decode	2.01379	0.665206	91.4207	102.671	25	102.671	25
50	decode	2.01388	0.660542	90.7748	102.671	25	102.671	25
51	decode	2.01396	0.659773	90.6643	103.246	25	103.534	25
52	decode	2.01404	0.65923	90.5847	103.534	25	103.534	25
53	decode	2.01412	0.662342	91.0075	103.534	25	103.534	25
54	decode	2.0142	0.663417	91.1503	103.534	25	103.534	25
55	decode	2.01428	0.662457	91.0134	103.534	25	103.534	25
56	decode	2.01436	0.658949	90.5266	108.095	25	108.095	25
57	decode	2.01445	0.660009	90.6673	108.095	25	108.095	25
58	decode	2.01453	0.660515	90.7319	108.095	25	108.095	25
59	decode	2.01461	0.660347	90.704	108.095	25	108.095	25
60	decode	2.01469	0.659845	90.63	106.577	25	108.095	25
61	decode	2.01477	0.661291	90.8238	105.059	25	105.059	25
62	decode	2.01485	0.650031	89.2725	105.059	25	105.059	25
63	decode	2.01493	0.664153	91.207	105.059	25	105.059	25
64	decode	2.01501	0.662903	91.0304	105.059	25	105.059	25
65	decode	2.0151	0.659875	90.6097	108.688	25	108.688	25
66	decode	2.01518	0.66369	91.1286	108.688	25	108.688	25
67	decode	2.01526	0.664792	91.275	108.688	25	108.688	25
68	decode	2.01534	0.660764	90.7171	108.688	25	108.688	25
69	decode	2.01542	0.665036	91.2987	107.171	25	108.688	25
70	decode	2.0155	0.663125	91.0315	105.653	25	105.653	25
71	decode	2.01558	0.665194	91.3105	105.653	25	105.653	25
72	decode	2.01567	0.661168	90.753	105.653	25	105.653	25
73	decode	2.01575	0.663544	91.0741	105.653	25	105.653	25
74	decode	2.01583	0.66137	90.7709	108.095	25	108.095	25
75	decode	2.01591	0.66225	90.8868	108.095	25	108.095	25
76	decode	2.01599	0.662352	90.8959	108.095	25	108.095	25
77	decode	2.01607	0.66498	91.2516	108.095	25	108.095	25
78	decode	2.01615	0.660326	90.608	108.095	25	108.095	25
79	decode	2.01624	0.661466	90.7597	101.964	25	101.964	25
80	decode	2.01632	0.658914	90.4045	101.964	25	101.964	25
81	decode	2.0164	0.661775	90.7921	101.964	25	101.964	25
82	decode	2.01648	0.65987	90.526	101.964	25	101.964	25
83	decode	2.01656	0.663908	91.075	105.059	25	105.059	25
84	decode	2.01664	0.656043	89.9912	105.059	25	105.059	25
85	decode	2.01672	0.657198	90.1449	105.059	25	105.059	25
86	decode	2.01681	0.658595	90.3315	105.059	25	105.059	25
87	decode	2.01689	0.659362	90.4318	102.592	25	105.059	25
88	decode	2.01697	0.659102	90.3913	100.125	25	100.125	25
89	decode	2.01705	0.659812	90.4838	100.125	25	100.125	25
90	decode	2.01713	0.656973	90.0896	100.125	25	100.125	25
91	decode	2.01721	0.660608	90.5833	100.125	25	100.125	25
92	decode	2.01729	0.657816	90.1956	102.241	25	102.241	25
93	decode	2.01737	0.663281	90.94	102.241	25	102.241	25
94	decode	2.01746	0.659445	90.4091	102.241	25	102.241	25
95	decode	2.01754	0.661943	90.7467	102.241	25	102.241	25
96	decode	2.01762	0.664822	91.1364	109.337	25	116.433	25
97	decode	2.0177	0.644797	88.3866	116.433	25	116.433	25
98	decode	2.01778	0.645833	88.5239	116.433	25	116.433	25
99	decode	2.01786	0.659852	90.4405	116.433	25	116.433	25
100	decode	2.01794	0.649229	88.9797	116.433	25	116.433	25
101	decode	2.01803	0.6625	90.7938	111.015	26	111.015	26
102	decode	2.01811	0.661737	90.6842	111.015	26	111.015	26
103	decode	2.01819	0.658249	90.2014	111.015	26	111.015	26
104	decode	2.01827	0.660199	90.4638	111.015	26	111.015	26
105	decode	2.01835	0.65134	89.245	112.951	26	116.823	26
106	decode	2.01843	0.602706	82.5769	116.823	26	116.823	26
107	decode	2.01851	0.625258	85.6621	116.823	26	116.823	26
108	decode	2.01859	0.636794	87.2379	116.823	26	116.823	26
109	decode	2.01868	0.657796	90.1102	116.823	26	116.823	26
110	decode	2.01876	0.655323	89.7666	108.688	27	108.688	27
111	decode	2.01884	0.659839	90.3803	108.688	27	108.688	27
112	decode	2.01892	0.655799	89.822	108.688	27	108.688	27
113	decode	2.019	0.663234	90.8355	108.688	27	108.688	27
114	decode	2.01908	0.65678	89.9468	108.23	27	108.688	27
115	decode	2.01916	0.658105	90.1234	107.771	27	107.771	27
116	decode	2.01924	0.659624	90.3265	107.771	27	107.771	27
117	decode	2.01933	0.660568	90.451	107.771	27	107.771	27
118	decode	2.01941	0.661461	90.5684	107.771	27	107.771	27
119	decode	2.01949	0.65634	89.8623	113.01	26.3333	115.629	27
120	decode	2.01957	0.65552	89.7452	115.629	26	115.629	26
121	decode	2.01965	0.662572	90.7058	115.629	26	115.629	26
122	decode	2.01973	0.657962	90.0698	115.629	26	115.629	26
123	decode	2.01981	0.663423	90.8125	114.274	26	115.629	26
124	decode	2.01989	0.652208	89.2725	112.918	26	112.918	26
125	decode	2.01998	0.663108	90.7597	112.918	26	112.918	26
126	decode	2.02006	0.663039	90.7454	112.918	26	112.918	26
127	decode	2.02014	0.657416	89.9709	112.918	26	112.918	26
128	decode	2.02022	0.658073	90.0559	112.918	26.5	112.918	27
129	decode	2.0203	0.656679	89.8604	112.918	27	112.918	27
130	decode	2.02038	0.657966	90.0316	112.918	27	112.918	27
131	decode	2.02046	0.659229	90.1995	112.918	27	112.918	27
132	decode	2.02055	0.657545	89.9643	116.254	27	119.589	27
133	decode	2.02063	0.660354	90.3438	119.589	27	119.589	27
134	decode	2.02071	0.655256	89.6415	119.589	27	119.589	27
135	decode	2.02079	0.660842	90.4009	119.589	27	119.589	27
136	decode	2.02087	0.655815	89.7084	119.589	27	119.589	27
137	decode	2.02095	0.658685	90.0961	114.112	27	114.112	27
138	decode	2.02103	0.654717	89.5485	114.112	27	114.112	27
139	decode	2.02111	0.660132	90.2843	114.112	27	114.112	27
140	decode	2.02119	0.652775	89.2733	114.112	27	114.112	27
141	decode	2.02128	0.663439	90.7268	113.056	27	114.112	27
142	decode	2.02136	0.659655	90.2045	112.001	27	112.001	27
143	decode	2.02144	0.661976	90.517	112.001	27	112.001	27
144	decode	2.02152	0.659725	90.2044	112.001	27	112.001	27
145	decode	2.0216	0.66202	90.5133	112.001	27	112.001	27
146	decode	2.02168	0.662643	90.5936	109.613	27	109.613	27
147	decode	2.02176	0.662762	90.6051	109.613	27	109.613	27
148	decode	2.02184	0.662118	90.5121	109.613	27	109.613	27
149	decode	2.02193	0.665037	90.9063	109.613	27	109.613	27
150	decode	2.02201	0.655078	89.5401	112.016	27	116.823	27
151	decode	2.02209	0.663029	90.622	116.823	27	116.823	27
152	decode	2.02217	0.659922	90.1925	116.823	27	116.823	27
153	decode	2.02225	0.66314	90.6275	116.823	27	116.823	27
154	decode	2.02233	0.662356	90.5154	116.823	27	116.823	27
155	decode	2.02241	0.656563	89.7189	112.196	27.6667	116.823	28
156	decode	2.02249	0.663091	90.6061	109.882	28	109.882	28
157	decode	2.02258	0.659278	90.0802	109.882	28	109.882	28
158	decode	2.02266	0.66096	90.3053	109.882	28	109.882	28
159	decode	2.02274	0.663194	90.6056	109.882	28	109.882	28
160	decode	2.02282	0.655236	89.5136	112.918	28	112.918	28
161	decode	2.0229	0.664528	90.7781	112.918	28	112.918	28
162	decode	2.02298	0.609241	83.2212	112.918	28	112.918	28
163	decode	2.02306	0.64343	87.8866	112.918	28	112.918	28
164	decode	2.02314	0.647639	88.4568	117.6	28	117.6	28
165	decode	2.02323	0.665056	90.8307	117.6	28	117.6	28
166	decode	2.02331	0.660759	90.239	117.6	28	117.6	28
167	decode	2.02339	0.663671	90.6319	117.6	28	117.6	28
168	decode	2.02347	0.661741	90.3634	117.212	28	117.6	28
169	decode	2.02355	0.662639	90.4812	116.823	28	116.823	28
170	decode	2.02363	0.662196	90.4159	116.823	28	116.823	28
171	decode	2.02371	0.666123	90.9471	116.823	28	116.823	28
172	decode	2.02379	0.662677	90.4718	116.823	28	116.823	28
173	decode	2.02387	0.658675	89.9206	113.518	27	113.518	27
174	decode	2.02396	0.666691	91.0101	113.518	27	113.518	27
175	decode	2.02404	0.666929	91.0376	113.518	27	113.518	27
176	decode	2.02412	0.665991	90.9047	113.518	27	113.518	27
177	decode	2.0242	0.648529	88.5165	112.324	27	113.518	27
178	decode	2.02428	0.662444	90.4108	111.13	27	111.13	27
179	decode	2.02436	0.668368	91.2144	111.13	27	111.13	27
180	decode	2.02444	0.661287	90.2433	111.13	27	111.13	27
181	decode	2.02452	0.667874	91.1373	111.13	27	111.13	27
182	decode	2.0246	0.662869	90.4494	109.882	28	109.882	28
183	decode	2.02469	0.667493	91.0755	109.882	28	109.882	28
184	decode	2.02477	0.663284	90.4963	109.882	28	109.882	28
185	decode	2.02485	0.668106	91.1494	109.882	28	109.882	28
186	decode	2.02493	0.659872	90.0211	113.056	28	116.23	28
187	decode	2.02501	0.658944	89.8898	116.23	28	116.23	28
188	decode	2.02509	0.663984	90.5725	116.23	28	116.23	28
189	decode	2.02517	0.663338	90.4795	116.23	28	116.23	28
190	decode	2.02525	0.661645	90.2437	116.23	28	116.23	28
191	decode	2.02533	0.662751	90.3896	107.17	28	107.17	28
192	decode	2.02542	0.661921	90.2716	107.17	28	107.17	28
193	decode	2.0255	0.66514	90.7058	107.17	28	107.17	28
194	decode	2.02558	0.662684	90.3661	107.17	28	107.17	28
195	decode	2.02566	0.663764	90.5084	107.478	28	108.095	28
196	decode	2.02574	0.660921	90.1159	108.095	28	108.095	28
197	decode	2.02582	0.66309	90.4068	108.095	28	108.095	28
198	decode	2.0259	0.662669	90.3446	108.095	28	108.095	28
199	decode	2.02598	0.665738	90.7581	108.095	28	108.095	28
200	decode	2.02606	0.626411	85.3922	116.734	28	121.053	28
201	decode	2.02615	0.663587	90.4552	121.053	28	121.053	28
202	decode	2.02623	0.666164	90.8017	121.053	28	121.053	28
203	decode	2.02631	0.66653	90.8466	121.053	28	121.053	28
204	decode	2.02639	0.664637	90.5837	121.053	28	121.053	28
205	decode	2.02647	0.661598	90.1647	108.688	28	108.688	28
206	decode	2.02655	0.661488	90.145	108.688	28	108.688	28
207	decode	2.02663	0.665423	90.6763	108.688	28	108.688	28
208	decode	2.02671	0.664496	90.5452	108.688	28	108.688	28
209	decode	2.02679	0.662242	90.2332	121.708	28	121.708	28
210	decode	2.02688	0.665158	90.6256	121.708	28	121.708	28
211	decode	2.02696	0.663318	90.3702	121.708	28	121.708	28
212	decode	2.02704	0.666337	90.7766	121.708	28	121.708	28
213	decode	2.02712	0.6684	91.0528	115.499	28	121.708	28
214	decode	2.0272	0.661045	90.046	109.289	28	109.289	28
215	decode	2.02728	0.667025	90.8557	109.289	28	109.289	28
216	decode	2.02736	0.665431	90.6337	109.289	28	109.289	28
217	decode	2.02744	0.664556	90.5096	109.289	28	109.289	28
218	decode	2.02752	0.661508	90.0897	117.748	28	117.748	28
219	decode	2.02761	0.671658	91.4671	117.748	28	117.748	28
220	decode	2.02769	0.648788	88.3479	117.748	28	117.748	28
221	decode	2.02777	0.660769	89.9747	117.748	28	117.748	28
222	decode	2.02785	0.661741	90.1022	111.404	28	117.748	28
223	decode	2.02793	0.668285	90.9884	105.059	28	105.059	28
224	decode	2.02801	0.663936	90.3913	105.059	28	105.059	28
225	decode	2.02809	0.663738	90.3596	105.059	28	105.059	28
226	decode	2.02817	0.666477	90.7275	105.059	28	105.059	28
227	decode	2.02825	0.666846	90.773	111.4	28	111.4	28
228	decode	2.02833	0.665099	90.5303	111.4	28	111.4	28
229	decode	2.02842	0.662666	90.1943	111.4	28	111.4	28
230	decode	2.0285	0.665893	90.6287	111.4	28	111.4	28
231	decode	2.02858	0.664695	90.4607	111.4	28	111.4	28
232	decode	2.02866	0.660698	89.9119	111.4	28	111.4	28
233	decode	2.02874	0.663591	90.3009	111.4	28	111.4	28
234	decode	2.02882	0.663154	90.2366	111.4	28	111.4	28
235	decode	2.0289	0.664397	90.4008	111.4	28	111.4	28
236	decode	2.02898	0.659732	89.7613	112.918	28	112.918	28
237	decode	2.02906	0.665202	90.5007	112.918	28	112.918	28
238	decode	2.02914	0.660378	89.8396	112.918	28	112.918	28
239	decode	2.02923	0.658761	89.6148	112.918	28	112.918	28
240	decode	2.02931	0.660546	89.8528	110.604	28	112.918	28
241	decode	2.02939	0.655461	89.1564	105.976	28	105.976	28
242	decode	2.02947	0.663557	90.2528	105.976	28	105.976	28
243	decode	2.02955	0.670992	91.2592	105.976	28	105.976	28
244	decode	2.02963	0.664775	90.4087	105.976	28	105.976	28
245	decode	2.02971	0.661131	89.9084	108.401	27.3333	109.613	28
246	decode	2.02979	0.660934	89.8768	109.613	27	109.613	27
247	decode	2.02987	0.665592	90.5054	109.613	27	109.613	27
248	decode	2.02996	0.663388	90.2009	109.613	27	109.613	27
249	decode	2.03004	0.666953	90.6807	109.613	27	109.613	27
250	decode	2.03012	0.658407	89.514	109.882	27	109.882	27
251	decode	2.0302	0.662781	90.1039	109.882	27	109.882	27
252	decode	2.03028	0.663817	90.2399	109.882	27	109.882	27
253	decode	2.03036	0.666656	90.621	109.882	27	109.882	27
254	decode	2.03044	0.664643	90.3426	109.748	27	109.882	27
