0	prefill	148.955	61.7968	4416.34	80.671	0	80.671	0
1	decode	2.00283	2.29263	152.316	233.189	3	233.189	3
2	decode	2.00286	2.29428	152.42	233.189	3	233.189	3
3	decode	2.0029	2.29319	152.343	233.189	3	233.189	3
4	decode	2.00293	2.29779	152.643	233.189	3	233.189	3
5	decode	2.00296	2.32245	154.276	233.189	3	233.189	3
6	decode	2.003	2.32792	154.634	233.189	3	233.189	3
7	decode	2.00303	2.32225	154.252	233.189	3	233.189	3
8	decode	2.00307	2.32426	154.38	233.189	3	233.189	3
9	decode	2.0031	2.32118	154.17	274.494	3	274.494	3
10	decode	2.00314	2.32655	154.521	274.494	3	274.494	3
11	decode	2.00317	2.32028	154.099	274.494	3	274.494	3
12	decode	2.00321	2.32638	154.5	274.494	3	274.494	3
13	decode	2.00324	2.32267	154.248	274.494	3	274.494	3
14	decode	2.00328	2.31907	154.003	274.494	3	274.494	3
15	decode	2.00331	2.32431	154.346	274.494	3	274.494	3
16	decode	2.00335	2.3008	152.779	274.181	34.5	274.494	66
17	decode	2.00338	2.30986	153.375	273.867	66	273.867	66
18	decode	2.00342	2.32054	154.079	273.867	66	273.867	66
19	decode	2.00345	2.32076	154.088	273.867	66	273.867	66
20	decode	2.00349	2.32597	154.429	273.867	66	273.867	66
21	decode	2.00352	2.32784	154.548	273.867	66	273.867	66
22	decode	2.00356	2.32925	154.636	273.867	66	273.867	66
23	decode	2.00359	2.31664	153.793	273.867	66	273.867	66
24	decode	2.00363	2.32559	154.382	267.776	66	267.776	66
25	decode	2.00366	2.32593	154.399	267.776	66	267.776	66
26	decode	2.0037	2.32506	154.337	267.776	66	267.776	66
27	decode	2.00373	2.33209	154.798	267.776	66	267.776	66
28	decode	2.00377	2.32463	154.297	267.776	66	267.776	66
29	decode	2.0038	2.32492	154.311	267.776	66	267.776	66
30	decode	2.00384	2.31674	153.763	267.776	66	267.776	66
31	decode	2.00387	2.32308	154.178	267.776	66	267.776	66
32	decode	2.0039	2.30847	153.203	269.297	85	269.297	85
33	decode	2.00394	2.33174	154.742	269.297	85	269.297	85
34	decode	2.00397	2.32256	154.127	269.297	85	269.297	85
35	decode	2.00401	2.33233	154.77	269.297	85	269.297	85
36	decode	2.00404	2.26928	150.582	269.297	85	269.297	85
37	decode	2.00408	2.32173	154.056	269.297	85	269.297	85
38	decode	2.00411	2.33072	154.648	269.297	85	269.297	85
39	decode	2.00415	2.31958	153.903	269.297	85	269.297	85
40	decode	2.00418	2.32936	154.546	272.616	85	272.616	85
41	decode	2.00422	2.3222	154.066	272.616	85	272.616	85
42	decode	2.00425	2.32638	154.338	272.616	85	272.616	85
43	decode	2.00429	2.33103	154.641	272.616	85	272.616	85
44	decode	2.00432	2.32016	153.915	272.616	85	272.616	85
45	decode	2.00436	2.32561	154.271	272.616	85	272.616	85
46	decode	2.00439	2.33202	154.691	272.616	85	272.616	85
47	decode	2.00443	2.32764	154.395	269.629	86	269.629	86
48	decode	2.00446	2.29847	152.455	269.629	86	269.629	86
49	decode	2.0045	2.34432	155.49	269.629	86	269.629	86
50	decode	2.00453	2.35188	155.986	269.629	86	269.629	86
51	decode	2.00457	2.33373	154.777	269.629	86	269.629	86
52	decode	2.0046	2.33849	155.087	269.629	86	269.629	86
53	decode	2.00464	2.34071	155.229	269.629	86	269.629	86
54	decode	2.00467	2.35429	156.125	270.822	86	272.014	86
55	decode	2.0047	2.34039	155.197	272.014	86	272.014	86
56	decode	2.00474	2.35247	155.993	272.014	86	272.014	86
57	decode	2.00477	2.35093	155.885	272.014	86	272.014	86
58	decode	2.00481	2.34777	155.671	272.014	86	272.014	86
59	decode	2.00484	2.34992	155.808	272.014	86	272.014	86
60	decode	2.00488	2.34196	155.274	272.014	86	272.014	86
61	decode	2.00491	2.34772	155.651	272.014	86	272.014	86
62	decode	2.00495	2.34259	155.305	272.457	85.5	272.899	86
63	decode	2.00498	2.34604	155.529	272.899	85	272.899	85
64	decode	2.00502	2.32838	154.352	272.899	85	272.899	85
65	decode	2.00505	2.34931	155.735	272.899	85	272.899	85
66	decode	2.00509	2.34145	155.208	272.899	85	272.899	85
67	decode	2.00512	2.34913	155.712	272.899	85	272.899	85
68	decode	2.00516	2.34421	155.38	272.899	85	272.899	85
69	decode	2.00519	2.33449	154.731	272.899	85	272.899	85
70	decode	2.00523	2.35382	156.007	279.626	85	279.626	85
71	decode	2.00526	2.32763	154.265	279.626	85	279.626	85
72	decode	2.0053	2.34208	155.218	279.626	85	279.626	85
73	decode	2.00533	2.34287	155.265	279.626	85	279.626	85
74	decode	2.00536	2.35136	155.822	279.626	85	279.626	85
75	decode	2.0054	2.34874	155.643	279.626	85	279.626	85
76	decode	2.00543	2.34433	155.345	279.626	85	279.626	85
77	decode	2.00547	2.35295	155.911	279.626	85	279.626	85
78	decode	2.0055	2.34495	155.375	274.137	88	274.137	88
79	decode	2.00554	2.34119	155.121	274.137	88	274.137	88
80	decode	2.00557	2.32897	154.306	274.137	88	274.137	88
81	decode	2.00561	2.22086	147.138	274.137	88	274.137	88
82	decode	2.00564	2.34273	155.206	274.137	88	274.137	88
83	decode	2.00568	2.33273	154.539	274.137	88	274.137	88
84	decode	2.00571	2.34625	155.429	274.137	88	274.137	88
85	decode	2.00575	2.34275	155.192	274.137	88	274.137	88
86	decode	2.00578	2.3597	156.309	266.911	88	266.911	88
87	decode	2.00582	2.34114	155.074	266.911	88	266.911	88
88	decode	2.00585	2.3419	155.12	266.911	88	266.911	88
89	decode	2.00589	2.34568	155.364	266.911	88	266.911	88
90	decode	2.00592	2.34605	155.384	266.911	88	266.911	88
91	decode	2.00596	2.35055	155.676	266.911	88	266.911	88
92	decode	2.00599	2.34447	155.268	266.911	88	266.911	88
93	decode	2.00602	2.3477	155.476	266.911	88	266.911	88
94	decode	2.00606	2.34566	155.336	268.702	87	268.702	87
95	decode	2.00609	2.34246	155.119	268.702	87	268.702	87
96	decode	2.00613	2.32138	153.718	268.702	87	268.702	87
97	decode	2.00616	2.35313	155.814	268.702	87	268.702	87
98	decode	2.0062	2.35066	155.646	268.702	87	268.702	87
99	decode	2.00623	2.35376	155.845	268.702	87	268.702	87
100	decode	2.00627	2.36332	156.473	268.702	87	268.702	87
101	decode	2.0063	2.35517	155.928	276.881	87	285.061	87
102	decode	2.00634	2.34621	155.329	285.061	87	285.061	87
103	decode	2.00637	2.35011	155.582	285.061	87	285.061	87
104	decode	2.00641	2.34946	155.534	285.061	87	285.061	87
105	decode	2.00644	2.34932	155.519	285.061	87	285.061	87
106	decode	2.00648	2.34645	155.324	285.061	87	285.061	87
107	decode	2.00651	2.31485	153.227	285.061	87	285.061	87
108	decode	2.00655	2.204	145.884	285.061	87	285.061	87
109	decode	2.00658	2.33867	154.793	276.855	87	276.855	87
110	decode	2.00661	2.35384	155.791	276.855	87	276.855	87
111	decode	2.00665	2.34631	155.288	276.855	87	276.855	87
112	decode	2.00668	2.34857	155.432	276.855	87	276.855	87
113	decode	2.00672	2.35697	155.982	276.855	87	276.855	87
114	decode	2.00675	2.34872	155.431	276.855	87	276.855	87
115	decode	2.00679	2.33496	154.515	276.855	87	276.855	87
116	decode	2.00682	2.30928	152.81	277.503	87	277.503	87
117	decode	2.00686	2.35181	155.619	277.503	87	277.503	87
118	decode	2.00689	2.34842	155.39	277.503	87	277.503	87
119	decode	2.00693	2.34136	154.917	277.503	87	277.503	87
120	decode	2.00696	2.34915	155.427	277.503	87	277.503	87
121	decode	2.007	2.34777	155.33	277.503	87	277.503	87
122	decode	2.00703	2.34734	155.296	277.503	87	277.503	87
123	decode	2.00707	2.3463	155.222	277.503	87	277.503	87
124	decode	2.0071	2.14692	142.027	272.941	87	272.941	87
125	decode	2.00714	2.34909	155.396	272.941	87	272.941	87
126	decode	2.00717	2.01927	133.573	272.941	87	272.941	87
127	decode	2.0072	2.31719	153.275	272.941	87	272.941	87
128	decode	2.00724	2.31757	153.295	272.941	87	272.941	87
129	decode	2.00727	2.32173	153.565	272.941	87	272.941	87
130	decode	2.00731	2.33009	154.113	272.941	87	272.941	87
131	decode	2.00734	2.34549	155.125	272.941	87	272.941	87
132	decode	2.00738	2.34091	154.817	270.223	87	270.223	87
133	decode	2.00741	2.3446	155.056	270.223	87	270.223	87
134	decode	2.00745	2.34091	154.807	270.223	87	270.223	87
135	decode	2.00748	2.34013	154.749	270.223	87	270.223	87
136	decode	2.00752	2.34142	154.83	270.223	87	270.223	87
137	decode	2.00755	2.34077	154.781	270.223	87	270.223	87
138	decode	2.00759	2.33546	154.425	270.223	87	270.223	87
139	decode	2.00762	2.34403	154.986	268.104	87	270.223	87
140	decode	2.00766	2.33513	154.392	265.985	87	265.985	87
141	decode	2.00769	2.34341	154.934	265.985	87	265.985	87
142	decode	2.00772	2.34958	155.337	265.985	87	265.985	87
143	decode	2.00776	2.33262	154.21	265.985	87	265.985	87
144	decode	2.00779	2.18639	144.538	265.985	87	265.985	87
145	decode	2.00783	2.18229	144.262	265.985	87	265.985	87
146	decode	2.00786	2.33354	154.255	265.985	87	265.985	87
147	decode	2.0079	2.32942	153.977	249.626	87	249.626	87
148	decode	2.00793	2.34418	154.948	249.626	87	249.626	87
149	decode	2.00797	2.33719	154.48	249.626	87	249.626	87
150	decode	2.008	2.33261	154.172	249.626	87	249.626	87
151	decode	2.00804	2.34639	155.077	249.626	87	249.626	87
152	decode	2.00807	2.33189	154.114	249.626	87	249.626	87
153	decode	2.00811	2.33006	153.988	249.626	87	249.626	87
154	decode	2.00814	2.34452	154.938	249.626	87	249.626	87
155	decode	2.00818	2.26126	149.431	262.673	86	262.673	86
156	decode	2.00821	2.34599	155.025	262.673	86	262.673	86
157	decode	2.00824	2.33881	154.544	262.673	86	262.673	86
158	decode	2.00828	2.35209	155.417	262.673	86	262.673	86
159	decode	2.00831	2.34323	154.826	262.673	86	262.673	86
160	decode	2.00835	2.3243	153.57	262.673	86	262.673	86
161	decode	2.00838	2.3609	155.983	262.673	86	262.673	86
162	decode	2.00842	2.34453	154.895	262.673	86	262.673	86
163	decode	2.00845	2.34735	155.077	268.432	86	268.432	86
164	decode	2.00849	2.35429	155.529	268.432	86	268.432	86
165	decode	2.00852	2.3491	155.181	268.432	86	268.432	86
166	decode	2.00856	2.35353	155.469	268.432	86	268.432	86
167	decode	2.00859	2.33894	154.5	268.432	86	268.432	86
168	decode	2.00863	2.3444	154.855	268.432	86	268.432	86
169	decode	2.00866	2.34851	155.121	268.432	86	268.432	86
170	decode	2.00869	1.82066	120.252	269.166	86	269.899	86
171	decode	2.00873	2.32337	153.45	269.899	86	269.899	86
172	decode	2.00876	2.36256	156.033	269.899	86	269.899	86
173	decode	2.0088	2.34742	155.027	269.899	86	269.899	86
174	decode	2.00883	2.33541	154.229	269.899	86	269.899	86
175	decode	2.00887	2.35033	155.209	269.899	86	269.899	86
176	decode	2.0089	2.30451	152.178	269.899	86	269.899	86
177	decode	2.00894	2.34644	154.941	269.899	86	269.899	86
178	decode	2.00897	2.34164	154.619	263.538	86	263.538	86
179	decode	2.00901	2.34864	155.076	263.538	86	263.538	86
180	decode	2.00904	2.34576	154.88	263.538	86	263.538	86
181	decode	2.00908	2.35357	155.391	263.538	86	263.538	86
182	decode	2.00911	2.35711	155.619	263.538	86	263.538	86
183	decode	2.00914	2.35451	155.442	263.538	86	263.538	86
184	decode	2.00918	2.34557	154.846	263.538	86	263.538	86
185	decode	2.00921	2.34936	155.091	271.15	86	271.15	86
186	decode	2.00925	2.35063	155.169	271.15	86	271.15	86
187	decode	2.00928	2.3473	154.945	271.15	86	271.15	86
188	decode	2.00932	2.34795	154.982	271.15	86	271.15	86
189	decode	2.00935	2.34757	154.952	271.15	86	271.15	86
190	decode	2.00939	2.34906	155.045	271.15	86	271.15	86
191	decode	2.00942	2.34941	155.062	271.15	86	271.15	86
192	decode	2.00946	2.32103	153.184	271.15	86	271.15	86
193	decode	2.00949	2.33727	154.251	270.223	86	270.223	86
194	decode	2.00953	2.33154	153.867	270.223	86	270.223	86
195	decode	2.00956	2.34873	154.996	270.223	86	270.223	86
196	decode	2.00959	2.3452	154.758	270.223	86	270.223	86
197	decode	2.00963	2.34943	155.032	270.223	86	270.223	86
198	decode	2.00966	2.35457	155.365	270.223	86	270.223	86
199	decode	2.0097	2.3522	155.203	270.223	86	270.223	86
200	decode	2.00973	2.34163	154.5	270.223	86	270.223	86
201	decode	2.00977	2.34919	154.994	263.267	88	263.267	88
202	decode	2.0098	2.34471	154.693	263.267	88	263.267	88
203	decode	2.00984	2.34452	154.675	263.267	88	263.267	88
204	decode	2.00987	2.3529	155.223	263.267	88	263.267	88
205	decode	2.00991	2.34252	154.533	263.267	88	263.267	88
206	decode	2.00994	2.33746	154.193	263.267	88	263.267	88
207	decode	2.00998	2.34139	154.448	263.267	88	263.267	88
208	decode	2.01001	2.32947	153.656	263.565	88	263.862	88
209	decode	2.01004	2.33937	154.303	263.862	88	263.862	88
210	decode	2.01008	2.3448	154.657	263.862	88	263.862	88
211	decode	2.01011	2.3315	153.774	263.862	88	263.862	88
212	decode	2.01015	2.33333	153.889	263.862	88	263.862	88
213	decode	2.01018	2.34939	154.943	263.862	88	263.862	88
214	decode	2.01022	2.34189	154.443	263.862	88	263.862	88
215	decode	2.01025	2.34804	154.843	263.862	88	263.862	88
216	decode	2.01029	2.33565	154.021	271.744	87	271.744	87
217	decode	2.01032	2.34956	154.932	271.744	87	271.744	87
218	decode	2.01036	2.34062	154.338	271.744	87	271.744	87
219	decode	2.01039	2.21801	146.248	271.744	87	271.744	87
220	decode	2.01042	2.32977	153.612	271.744	87	271.744	87
221	decode	2.01046	2.33424	153.901	271.744	87	271.744	87
222	decode	2.01049	2.3423	154.427	271.744	87	271.744	87
223	decode	2.01053	2.34733	154.754	271.744	87	271.744	87
224	decode	2.01056	2.32591	153.336	269.027	87	269.027	87
225	decode	2.0106	2.34704	154.724	269.027	87	269.027	87
226	decode	2.01063	2.33978	154.24	269.027	87	269.027	87
227	decode	2.01067	2.34381	154.5	269.027	87	269.027	87
228	decode	2.0107	2.32914	153.528	269.027	87	269.027	87
229	decode	2.01074	2.33923	154.188	269.027	87	269.027	87
230	decode	2.01077	2.34469	154.542	269.027	87	269.027	87
231	decode	2.0108	2.33494	153.894	269.027	87	269.027	87
232	decode	2.01084	2.33874	154.139	266.579	88	266.579	88
233	decode	2.01087	2.3247	153.209	266.579	88	266.579	88
234	decode	2.01091	2.34658	154.645	266.579	88	266.579	88
235	decode	2.01094	2.34861	154.774	266.579	88	266.579	88
236	decode	2.01098	2.34583	154.585	266.579	88	266.579	88
237	decode	2.01101	2.33168	153.648	266.579	88	266.579	88
238	decode	2.01105	2.33198	153.662	266.579	88	266.579	88
239	decode	2.01108	2.33388	153.782	266.579	88	266.579	88
240	decode	2.01112	2.32623	153.272	262.673	88	262.673	88
241	decode	2.01115	2.34444	154.467	262.673	88	262.673	88
242	decode	2.01118	2.35329	155.045	262.673	88	262.673	88
243	decode	2.01122	2.33614	153.91	262.673	88	262.673	88
244	decode	2.01125	2.33374	153.746	262.673	88	262.673	88
245	decode	2.01129	2.35135	154.901	262.673	88	262.673	88
246	decode	2.01132	2.33895	154.079	262.673	88	262.673	88
247	decode	2.01136	2.33092	153.544	266.911	87.5	271.15	88
248	decode	2.01139	2.34454	154.436	271.15	87	271.15	87
249	decode	2.01143	2.34611	154.535	271.15	87	271.15	87
250	decode	2.01146	2.34245	154.288	271.15	87	271.15	87
251	decode	2.0115	2.34485	154.441	271.15	87	271.15	87
252	decode	2.01153	2.32766	153.303	271.15	87	271.15	87
253	decode	2.01156	2.35131	154.856	271.15	87	271.15	87
254	decode	2.0116	2.33343	153.672	271.15	87	271.15	87
