0	prefill	214.414	39.4542	3016.14	239.301	0.857143	239.301	6
1	decode	4.00287	4.46329	315.109	239.301	6	239.301	6
2	decode	4.00292	4.5048	318.031	239.301	6	239.301	6
3	decode	4.00297	4.52841	319.689	239.301	6	239.301	6
4	decode	4.00301	4.52635	319.535	239.301	6	239.301	6
5	decode	4.00306	4.5069	318.152	239.301	6	239.301	6
6	decode	4.00311	4.50935	318.316	239.301	6	239.301	6
7	decode	4.00316	4.53143	319.866	239.301	6	239.301	6
8	decode	4.00321	4.55807	321.737	84.887	6	84.887	6
9	decode	4.00326	4.54633	320.899	84.887	6	84.887	6
10	decode	4.00331	4.55902	321.786	84.887	6	84.887	6
11	decode	4.00335	4.58132	323.35	84.887	6	84.887	6
12	decode	4.0034	4.56948	322.506	84.887	6	84.887	6
13	decode	4.00345	4.54593	320.835	84.887	6	84.887	6
14	decode	4.0035	4.26165	300.763	84.887	6	84.887	6
15	decode	4.00355	4.55489	321.449	84.887	6	84.887	6
16	decode	4.0036	4.54472	320.722	281.143	54	281.143	54
17	decode	4.00365	4.49493	317.2	281.143	54	281.143	54
18	decode	4.00369	4.49942	317.507	281.143	54	281.143	54
19	decode	4.00374	4.46709	315.217	281.143	54	281.143	54
20	decode	4.00379	4.52754	319.473	281.143	54	281.143	54
21	decode	4.00384	4.53504	319.993	281.143	54	281.143	54
22	decode	4.00389	4.52348	319.169	281.143	54	281.143	54
23	decode	4.00394	4.55842	321.625	276.855	54	276.855	54
24	decode	4.00399	4.54197	320.455	276.855	54	276.855	54
25	decode	4.00403	4.57303	322.638	276.855	54	276.855	54
26	decode	4.00408	4.56686	322.194	276.855	54	276.855	54
27	decode	4.00413	4.55456	321.316	276.855	54	276.855	54
28	decode	4.00418	4.55859	321.592	276.855	54	276.855	54
29	decode	4.00423	4.55351	321.224	276.855	54	276.855	54
30	decode	4.00428	4.36951	308.235	276.855	54	276.855	54
31	decode	4.00432	4.27723	301.717	277.917	54	278.978	54
32	decode	4.00437	4.57467	322.689	278.978	83	278.978	83
33	decode	4.00442	4.59852	324.362	278.978	83	278.978	83
34	decode	4.00447	4.56375	321.901	278.978	83	278.978	83
35	decode	4.00452	4.54358	320.469	278.978	83	278.978	83
36	decode	4.00457	4.55768	321.454	278.978	83	278.978	83
37	decode	4.00462	4.56357	321.861	278.978	83	278.978	83
38	decode	4.00466	4.55981	321.586	278.978	83	278.978	83
39	decode	4.00471	4.5471	320.681	274.002	83	278.978	83
40	decode	4.00476	4.57411	322.577	269.027	83	269.027	83
41	decode	4.00481	4.28808	302.397	269.027	83	269.027	83
42	decode	4.00486	4.48106	315.997	269.027	83	269.027	83
43	decode	4.00491	4.4882	316.491	269.027	83	269.027	83
44	decode	4.00496	4.52791	319.282	269.027	83	269.027	83
45	decode	4.005	4.51305	318.226	269.027	83	269.027	83
46	decode	4.00505	4.48367	316.145	269.027	83	269.027	83
47	decode	4.0051	4.26543	300.749	273.084	83	277.142	83
48	decode	4.00515	4.33	305.293	277.142	83	277.142	83
49	decode	4.0052	4.55898	321.428	277.142	83	277.142	83
50	decode	4.00525	4.53303	319.589	277.142	83	277.142	83
51	decode	4.00529	4.5252	319.028	277.142	83	277.142	83
52	decode	4.00534	4.54003	320.064	277.142	83	277.142	83
53	decode	4.00539	4.53764	319.887	277.142	83	277.142	83
54	decode	4.00544	4.51963	318.609	277.142	83	277.142	83
55	decode	4.00549	4.5378	319.88	277.921	83	278.7	83
56	decode	4.00554	4.53613	319.753	278.7	83	278.7	83
57	decode	4.00559	4.55331	320.955	278.7	83	278.7	83
58	decode	4.00563	4.52697	319.09	278.7	83	278.7	83
59	decode	4.00568	4.53745	319.819	278.7	83	278.7	83
60	decode	4.00573	4.5271	319.081	278.7	83	278.7	83
61	decode	4.00578	4.52345	318.814	278.7	83	278.7	83
62	decode	4.00583	4.53409	319.555	278.7	83	278.7	83
63	decode	4.00588	4.55712	321.17	277.48	83	278.7	83
64	decode	4.00593	4.53691	319.736	276.26	83	276.26	83
65	decode	4.00597	4.57686	322.543	276.26	83	276.26	83
66	decode	4.00602	4.56098	321.414	276.26	83	276.26	83
67	decode	4.00607	4.56408	321.624	276.26	83	276.26	83
68	decode	4.00612	4.53483	319.553	276.26	83	276.26	83
69	decode	4.00617	4.55393	320.89	276.26	83	276.26	83
70	decode	4.00622	4.50426	317.381	276.26	83	276.26	83
71	decode	4.00626	4.56044	321.331	276.422	83	276.584	83
72	decode	4.00631	4.54271	320.073	276.584	83	276.584	83
73	decode	4.00636	4.56203	321.425	276.584	83	276.584	83
74	decode	4.00641	4.56839	321.864	276.584	83	276.584	83
75	decode	4.00646	4.56395	321.542	276.584	83	276.584	83
76	decode	4.00651	4.56087	321.315	276.584	83	276.584	83
77	decode	4.00656	4.59539	323.739	276.584	83	276.584	83
78	decode	4.0066	4.54865	320.436	276.584	83	276.584	83
79	decode	4.00665	4.5791	322.572	276.584	83	276.584	83
80	decode	4.0067	4.53043	319.135	283.54	83	283.54	83
81	decode	4.00675	4.55941	321.167	283.54	83	283.54	83
82	decode	4.0068	4.56867	321.811	283.54	83	283.54	83
83	decode	4.00685	4.58737	323.119	283.54	83	283.54	83
84	decode	4.00689	4.5561	320.907	283.54	83	283.54	83
85	decode	4.00694	4.55438	320.777	283.54	83	283.54	83
86	decode	4.00699	4.56147	321.267	283.54	83	283.54	83
87	decode	4.00704	4.60491	324.317	283.54	83	283.54	83
88	decode	4.00709	4.60974	324.648	281.093	83	281.093	83
89	decode	4.00714	4.60335	324.189	281.093	83	281.093	83
90	decode	4.00718	4.57851	322.431	281.093	83	281.093	83
91	decode	4.00723	4.58982	323.218	281.093	83	281.093	83
92	decode	4.00728	4.58494	322.866	281.093	83	281.093	83
93	decode	4.00733	4.58194	322.645	281.093	83	281.093	83
94	decode	4.00738	4.58524	322.868	281.093	83	281.093	83
95	decode	4.00743	4.57988	322.482	281.093	83	281.093	83
96	decode	4.00748	4.58343	322.723	285.061	85	285.061	85
97	decode	4.00752	4.58537	322.85	285.061	85	285.061	85
98	decode	4.00757	4.49298	316.336	285.061	85	285.061	85
99	decode	4.00762	4.59281	323.356	285.061	85	285.061	85
100	decode	4.00767	4.55377	320.598	285.061	85	285.061	85
101	decode	4.00772	4.57811	322.302	285.061	85	285.061	85
102	decode	4.00777	4.60189	323.967	285.061	85	285.061	85
103	decode	4.00781	4.57606	322.14	285.061	85	285.061	85
104	decode	4.00786	4.58208	322.554	279.896	85	279.896	85
105	decode	4.00791	4.59522	323.47	279.896	85	279.896	85
106	decode	4.00796	4.59006	323.098	279.896	85	279.896	85
107	decode	4.00801	4.59389	323.358	279.896	85	279.896	85
108	decode	4.00806	4.58559	322.765	279.896	85	279.896	85
109	decode	4.0081	4.58955	323.035	279.896	85	279.896	85
110	decode	4.00815	4.56376	321.21	279.896	85	279.896	85
111	decode	4.0082	4.54438	319.837	279.896	85	279.896	85
112	decode	4.00825	4.60445	324.056	271.15	85	271.15	85
113	decode	4.0083	4.59465	323.357	271.15	85	271.15	85
114	decode	4.00835	4.58071	322.367	271.15	85	271.15	85
115	decode	4.0084	4.58714	322.81	271.15	85	271.15	85
116	decode	4.00844	4.6	323.706	271.15	85	271.15	85
117	decode	4.00849	4.57987	322.281	271.15	85	271.15	85
118	decode	4.00854	4.57562	321.972	271.15	85	271.15	85
119	decode	4.00859	4.58733	322.787	270.825	85	270.825	85
120	decode	4.00864	4.47146	314.625	270.825	85	270.825	85
121	decode	4.00869	4.59789	323.512	270.825	85	270.825	85
122	decode	4.00873	4.57525	321.91	270.825	85	270.825	85
123	decode	4.00878	4.58722	322.743	270.825	85	270.825	85
124	decode	4.00883	4.58359	322.478	270.825	85	270.825	85
125	decode	4.00888	4.5941	323.209	270.825	85	270.825	85
126	decode	4.00893	4.56223	320.958	270.825	85	270.825	85
127	decode	4.00898	4.57822	322.074	269.466	85	270.825	85
128	decode	4.00902	4.58875	322.805	268.108	85	268.108	85
129	decode	4.00907	4.59515	323.246	268.108	85	268.108	85
130	decode	4.00912	4.59926	323.526	268.108	85	268.108	85
131	decode	4.00917	4.60591	323.985	268.108	85	268.108	85
132	decode	4.00922	4.58545	322.536	268.108	85	268.108	85
133	decode	4.00927	4.56938	321.397	268.108	85	268.108	85
134	decode	4.00931	4.54868	319.932	268.108	85	268.108	85
135	decode	4.00936	4.5824	322.295	270.687	85	273.265	85
136	decode	4.00941	4.6077	324.065	273.265	85	273.265	85
137	decode	4.00946	4.56103	320.773	273.265	85	273.265	85
138	decode	4.00951	4.61064	324.254	273.265	85	273.265	85
139	decode	4.00956	4.59034	322.817	273.265	85	273.265	85
140	decode	4.0096	4.49235	315.916	273.265	85	273.265	85
141	decode	4.00965	4.57489	321.712	273.265	85	273.265	85
142	decode	4.0097	4.56021	320.671	273.265	85	273.265	85
143	decode	4.00975	4.58526	322.423	273.265	85	273.265	85
144	decode	4.0098	4.58371	322.305	276.855	85	276.855	85
145	decode	4.00985	4.58907	322.673	276.855	85	276.855	85
146	decode	4.00989	4.56747	321.145	276.855	85	276.855	85
147	decode	4.00994	4.57912	321.955	276.855	85	276.855	85
148	decode	4.00999	4.57911	321.945	276.855	85	276.855	85
149	decode	4.01004	4.59122	322.787	276.855	85	276.855	85
150	decode	4.01009	4.54859	319.782	276.855	85	276.855	85
151	decode	4.01014	4.60294	323.593	276.855	85	276.855	85
152	decode	4.01018	4.60277	323.572	278.7	85	278.7	85
153	decode	4.01023	4.58234	322.127	278.7	85	278.7	85
154	decode	4.01028	4.58727	322.464	278.7	85	278.7	85
155	decode	4.01033	4.58124	322.031	278.7	85	278.7	85
156	decode	4.01038	4.57347	321.476	278.7	85	278.7	85
157	decode	4.01043	4.56753	321.049	278.7	85	278.7	85
158	decode	4.01047	4.57898	321.845	278.7	85	278.7	85
159	decode	4.01052	4.5648	320.84	278.7	85	278.7	85
160	decode	4.01057	4.59716	323.105	284.467	85	284.467	85
161	decode	4.01062	4.19775	295.025	284.467	85	284.467	85
162	decode	4.01067	4.54105	319.143	284.467	85	284.467	85
163	decode	4.01072	4.59559	322.967	284.467	85	284.467	85
164	decode	4.01076	4.56338	320.695	284.467	85	284.467	85
165	decode	4.01081	4.57726	321.661	284.467	85	284.467	85
166	decode	4.01086	4.56426	320.738	284.467	85	284.467	85
167	decode	4.01091	4.56215	320.581	284.467	85	284.467	85
168	decode	4.01096	4.58493	322.172	282.614	85	282.614	85
169	decode	4.01101	4.58309	322.034	282.614	85	282.614	85
170	decode	4.01105	4.57822	321.683	282.614	85	282.614	85
171	decode	4.0111	4.5948	322.839	282.614	85	282.614	85
172	decode	4.01115	4.59026	322.511	282.614	85	282.614	85
173	decode	4.0112	4.59559	322.876	282.614	85	282.614	85
174	decode	4.01125	4.58654	322.231	282.614	85	282.614	85
175	decode	4.0113	4.56624	320.796	282.614	85	282.614	85
176	decode	4.01134	4.56941	321.01	283.864	84	283.864	84
177	decode	4.01139	4.59952	323.115	283.864	84	283.864	84
178	decode	4.01144	4.28959	301.335	283.864	84	283.864	84
179	decode	4.01149	4.23712	297.64	283.864	84	283.864	84
180	decode	4.01154	4.54307	319.123	283.864	84	283.864	84
181	decode	4.01159	4.48914	315.326	283.864	84	283.864	84
182	decode	4.01163	4.5754	321.376	283.864	84	283.864	84
183	decode	4.01168	4.5992	323.038	283.864	84	283.864	84
184	decode	4.01173	4.5958	322.791	283.54	84	283.54	84
185	decode	4.01178	4.59233	322.538	283.54	84	283.54	84
186	decode	4.01183	4.58889	322.287	283.54	84	283.54	84
187	decode	4.01188	4.59535	322.732	283.54	84	283.54	84
188	decode	4.01192	4.58483	321.984	283.54	84	283.54	84
189	decode	4.01197	4.61229	323.903	283.54	84	283.54	84
190	decode	4.01202	4.56714	320.723	283.54	84	283.54	84
191	decode	4.01207	4.43768	311.623	283.54	84	283.54	84
192	decode	4.01212	4.58142	321.708	275.064	85	275.064	85
193	decode	4.01216	4.62055	324.446	275.064	85	275.064	85
194	decode	4.01221	4.45965	313.14	275.064	85	275.064	85
195	decode	4.01226	4.57334	321.114	275.064	85	275.064	85
196	decode	4.01231	4.56791	320.723	275.064	85	275.064	85
197	decode	4.01236	4.58147	321.666	275.064	85	275.064	85
198	decode	4.01241	4.52155	317.45	275.064	85	275.064	85
199	decode	4.01245	4.57885	321.464	275.064	85	275.064	85
200	decode	4.0125	4.58544	321.918	278.105	85	278.105	85
201	decode	4.01255	4.58725	322.036	278.105	85	278.105	85
202	decode	4.0126	4.56506	320.469	278.105	85	278.105	85
203	decode	4.01265	4.5722	320.961	278.105	85	278.105	85
204	decode	4.0127	4.57515	321.159	278.105	85	278.105	85
205	decode	4.01274	4.58501	321.842	278.105	85	278.105	85
206	decode	4.01279	4.5938	322.45	278.105	85	278.105	85
207	decode	4.01284	4.55266	319.554	277.48	85	278.105	85
208	decode	4.01289	4.58221	321.618	276.855	84	276.855	84
209	decode	4.01294	4.58181	321.581	276.855	84	276.855	84
210	decode	4.01299	4.59561	322.541	276.855	84	276.855	84
211	decode	4.01303	4.58183	321.564	276.855	84	276.855	84
212	decode	4.01308	4.57498	321.075	276.855	84	276.855	84
213	decode	4.01313	4.61699	324.014	276.855	84	276.855	84
214	decode	4.01318	4.58684	321.889	276.855	84	276.855	84
215	decode	4.01323	4.61425	323.803	270.197	84	276.855	84
216	decode	4.01327	4.45735	312.785	263.538	84	263.538	84
217	decode	4.01332	4.54607	319.001	263.538	84	263.538	84
218	decode	4.01337	4.59798	322.634	263.538	84	263.538	84
219	decode	4.01342	4.57394	320.939	263.538	84	263.538	84
220	decode	4.01347	4.57664	321.119	263.538	84	263.538	84
221	decode	4.01352	4.58331	321.578	263.538	84	263.538	84
222	decode	4.01356	4.59323	322.265	263.538	84	263.538	84
223	decode	4.01361	4.58817	321.901	263.538	84	263.538	84
224	decode	4.01366	4.54404	318.796	258.427	85	258.427	85
225	decode	4.01371	4.58279	321.505	258.427	85	258.427	85
226	decode	4.01376	4.58878	321.917	258.427	85	258.427	85
227	decode	4.01381	4.60951	323.362	258.427	85	258.427	85
228	decode	4.01385	4.56561	320.273	258.427	85	258.427	85
229	decode	4.0139	4.61104	323.45	258.427	85	258.427	85
230	decode	4.01395	4.46044	312.878	258.427	85	258.427	85
231	decode	4.014	4.58356	321.505	258.427	85	258.427	85
232	decode	4.01405	4.57537	320.921	258.705	85	258.705	85
233	decode	4.01409	4.60806	323.205	258.705	85	258.705	85
234	decode	4.01414	4.57638	320.974	258.705	85	258.705	85
235	decode	4.01419	4.59554	322.309	258.705	85	258.705	85
236	decode	4.01424	4.58545	321.593	258.705	85	258.705	85
237	decode	4.01429	4.60858	323.205	258.705	85	258.705	85
238	decode	4.01434	4.11279	288.427	258.705	85	258.705	85
239	decode	4.01438	4.31689	302.732	258.705	85	258.705	85
240	decode	4.01443	4.4192	309.898	262.943	85	262.943	85
241	decode	4.01448	4.40704	309.036	262.943	85	262.943	85
242	decode	4.01453	4.44474	311.671	262.943	85	262.943	85
243	decode	4.01458	4.40359	308.777	262.943	85	262.943	85
244	decode	4.01462	4.50027	315.547	262.943	85	262.943	85
245	decode	4.01467	4.53556	318.012	262.943	85	262.943	85
246	decode	4.01472	4.56796	320.275	262.943	85	262.943	85
247	decode	4.01477	4.60253	322.69	257.207	85	262.943	85
248	decode	4.01482	4.57231	320.563	251.471	85	251.471	85
249	decode	4.01487	4.60169	322.613	251.471	85	251.471	85
250	decode	4.01491	4.57914	321.023	251.471	85	251.471	85
251	decode	4.01496	4.62128	323.968	251.471	85	251.471	85
252	decode	4.01501	4.57944	321.026	251.471	85	251.471	85
253	decode	4.01506	4.59763	322.292	251.471	85	251.471	85
254	decode	4.01511	4.59343	321.989	251.471	85	251.471	85
