0	prefill	107.258	53.9831	4126.83	134.063	0	134.063	0
1	decode	2.00239	2.22104	156.806	189.082	26	244.102	52
2	decode	2.00243	2.36665	167.081	244.102	52	244.102	52
3	decode	2.00247	2.35309	166.12	244.102	52	244.102	52
4	decode	2.00251	2.36392	166.879	244.102	52	244.102	52
5	decode	2.00255	2.37121	167.389	244.102	52	244.102	52
6	decode	2.00259	2.3599	166.586	244.102	52	244.102	52
7	decode	2.00263	2.37982	167.988	244.102	52	244.102	52
8	decode	2.00268	2.36955	167.258	244.102	52	244.102	52
9	decode	2.00272	2.36504	166.935	244.102	52	244.102	52
10	decode	2.00276	2.38558	168.38	274.515	52	274.515	52
11	decode	2.0028	2.37487	167.619	274.515	52	274.515	52
12	decode	2.00284	2.31365	163.293	274.515	52	274.515	52
13	decode	2.00288	2.36214	166.711	274.515	52	274.515	52
14	decode	2.00292	2.38311	168.186	274.515	52	274.515	52
15	decode	2.00296	2.35967	166.527	274.515	52	274.515	52
16	decode	2.003	2.36947	167.214	274.515	52	274.515	52
17	decode	2.00304	2.35971	166.52	271.487	52	274.515	52
18	decode	2.00308	2.18198	153.974	268.46	87	268.46	87
19	decode	2.00312	2.22393	156.93	268.46	87	268.46	87
20	decode	2.00316	2.37416	167.526	268.46	87	268.46	87
21	decode	2.0032	2.37786	167.782	268.46	87	268.46	87
22	decode	2.00324	2.35127	165.902	268.46	87	268.46	87
23	decode	2.00328	2.3797	167.903	268.46	87	268.46	87
24	decode	2.00332	2.3742	167.51	268.46	87	268.46	87
25	decode	2.00336	2.36558	166.897	268.46	87	268.46	87
26	decode	2.0034	2.376	167.627	273.867	87	273.867	87
27	decode	2.00344	2.365	166.847	273.867	87	273.867	87
28	decode	2.00349	2.37241	167.364	273.867	87	273.867	87
29	decode	2.00353	2.2502	158.739	273.867	87	273.867	87
30	decode	2.00357	2.35071	165.825	273.867	87	273.867	87
31	decode	2.00361	2.35374	166.034	273.867	87	273.867	87
32	decode	2.00365	2.36715	166.975	273.867	87	273.867	87
33	decode	2.00369	2.36449	166.783	273.867	87	273.867	87
34	decode	2.00373	2.38971	168.557	278.375	86	278.375	86
35	decode	2.00377	2.37112	167.24	278.375	86	278.375	86
36	decode	2.00381	2.36808	167.022	278.375	86	278.375	86
37	decode	2.00385	2.36925	167.099	278.375	86	278.375	86
38	decode	2.00389	2.36973	167.128	278.375	86	278.375	86
39	decode	2.00393	2.36398	166.718	278.375	86	278.375	86
40	decode	2.00397	2.37319	167.363	278.375	86	278.375	86
41	decode	2.00401	2.3587	166.337	278.375	86	278.375	86
42	decode	2.00405	2.37446	167.443	278.375	86	278.375	86
43	decode	2.00409	2.36469	166.749	272.616	86	272.616	86
44	decode	2.00413	2.3647	166.746	272.616	86	272.616	86
45	decode	2.00417	2.36311	166.628	272.616	86	272.616	86
46	decode	2.00421	2.36885	167.029	272.616	86	272.616	86
47	decode	2.00425	2.36211	166.548	272.616	86	272.616	86
48	decode	2.00429	2.3612	166.479	272.616	86	272.616	86
49	decode	2.00434	2.36705	166.887	272.616	86	272.616	86
50	decode	2.00438	2.37294	167.298	272.616	86	272.616	86
51	decode	2.00442	2.36788	166.937	280.221	87	280.221	87
52	decode	2.00446	2.36939	167.038	280.221	87	280.221	87
53	decode	2.0045	2.37588	167.491	280.221	87	280.221	87
54	decode	2.00454	2.3716	167.184	280.221	87	280.221	87
55	decode	2.00458	2.38697	168.263	280.221	87	280.221	87
56	decode	2.00462	2.36748	166.885	280.221	87	280.221	87
57	decode	2.00466	2.37503	167.412	280.221	87	280.221	87
58	decode	2.0047	2.37277	167.248	280.221	87	280.221	87
59	decode	2.00474	2.36531	166.717	281.88	87	283.54	87
60	decode	2.00478	2.36341	166.579	283.54	87	283.54	87
61	decode	2.00482	2.36995	167.035	283.54	87	283.54	87
62	decode	2.00486	2.37142	167.134	283.54	87	283.54	87
63	decode	2.0049	2.37259	167.211	283.54	87	283.54	87
64	decode	2.00494	2.36878	166.939	283.54	87	283.54	87
65	decode	2.00498	2.36959	166.991	283.54	87	283.54	87
66	decode	2.00502	2.37618	167.451	283.54	87	283.54	87
67	decode	2.00506	2.37176	167.134	283.54	87	283.54	87
68	decode	2.0051	2.37505	167.361	275.658	88	275.658	88
69	decode	2.00514	2.34717	165.392	275.658	88	275.658	88
70	decode	2.00519	2.37098	167.065	275.658	88	275.658	88
71	decode	2.00523	2.39134	168.495	275.658	88	275.658	88
72	decode	2.00527	2.39094	168.462	275.658	88	275.658	88
73	decode	2.00531	2.39415	168.684	275.658	88	275.658	88
74	decode	2.00535	2.3875	168.21	275.658	88	275.658	88
75	decode	2.00539	2.39678	168.859	275.658	88	275.658	88
76	decode	2.00543	2.39819	168.953	278.978	88	278.978	88
77	decode	2.00547	2.36975	166.946	278.978	88	278.978	88
78	decode	2.00551	2.40029	169.092	278.978	88	278.978	88
79	decode	2.00555	2.39376	168.627	278.978	88	278.978	88
80	decode	2.00559	2.38939	168.315	278.978	88	278.978	88
81	decode	2.00563	2.3894	168.311	278.978	88	278.978	88
82	decode	2.00567	2.39854	168.95	278.978	88	278.978	88
83	decode	2.00571	2.40382	169.317	278.978	88	278.978	88
84	decode	2.00575	2.39413	168.629	278.978	88	278.978	88
85	decode	2.00579	2.38856	168.233	274.137	89	274.137	89
86	decode	2.00583	2.38627	168.066	274.137	89	274.137	89
87	decode	2.00587	2.39329	168.556	274.137	89	274.137	89
88	decode	2.00591	2.39912	168.962	274.137	89	274.137	89
89	decode	2.00595	2.40003	169.021	274.137	89	274.137	89
90	decode	2.00599	2.39342	168.551	274.137	89	274.137	89
91	decode	2.00604	2.38498	167.952	274.137	89	274.137	89
92	decode	2.00608	2.39394	168.578	274.137	89	274.137	89
93	decode	2.00612	2.3985	168.894	280.823	89	280.823	89
94	decode	2.00616	2.39894	168.921	280.823	89	280.823	89
95	decode	2.0062	2.39892	168.915	280.823	89	280.823	89
96	decode	2.00624	2.38738	168.097	280.823	89	280.823	89
97	decode	2.00628	2.39942	168.94	280.823	89	280.823	89
98	decode	2.00632	2.3961	168.701	280.823	89	280.823	89
99	decode	2.00636	2.40535	169.348	280.823	89	280.823	89
100	decode	2.0064	2.39667	168.732	280.823	89	280.823	89
101	decode	2.00644	2.4006	169.004	280.221	89	280.221	89
102	decode	2.00648	2.34514	165.095	280.221	89	280.221	89
103	decode	2.00652	2.22059	156.323	280.221	89	280.221	89
104	decode	2.00656	2.13329	150.173	280.221	89	280.221	89
105	decode	2.0066	2.27588	160.205	280.221	89	280.221	89
106	decode	2.00664	2.32016	163.318	280.221	89	280.221	89
107	decode	2.00668	2.39787	168.783	280.221	89	280.221	89
108	decode	2.00672	2.40528	169.3	280.221	89	280.221	89
109	decode	2.00676	2.39438	168.528	265.058	89	265.058	89
110	decode	2.0068	2.39472	168.547	265.058	89	265.058	89
111	decode	2.00684	2.39363	168.465	265.058	89	265.058	89
112	decode	2.00688	2.38411	167.791	265.058	89	265.058	89
113	decode	2.00692	2.38843	168.09	265.058	89	265.058	89
114	decode	2.00697	2.40559	169.293	265.058	89	265.058	89
115	decode	2.00701	2.38961	168.164	265.058	89	265.058	89
116	decode	2.00705	2.40351	169.137	265.058	89	265.058	89
117	decode	2.00709	2.39295	168.39	265.058	89	265.058	89
118	decode	2.00713	2.38857	168.076	280.823	87	280.823	87
119	decode	2.00717	2.40182	169.004	280.823	87	280.823	87
120	decode	2.00721	2.35073	165.404	280.823	87	280.823	87
121	decode	2.00725	2.38496	167.808	280.823	87	280.823	87
122	decode	2.00729	2.39495	168.506	280.823	87	280.823	87
123	decode	2.00733	2.3915	168.259	280.823	87	280.823	87
124	decode	2.00737	2.41106	169.63	280.823	87	280.823	87
125	decode	2.00741	2.39485	168.485	280.823	87	280.823	87
126	decode	2.00745	2.4003	168.864	270.825	87	270.825	87
127	decode	2.00749	2.37765	167.265	270.825	87	270.825	87
128	decode	2.00753	2.38621	167.863	270.825	87	270.825	87
129	decode	2.00757	2.2838	160.654	270.825	87	270.825	87
130	decode	2.00761	2.39362	168.375	270.825	87	270.825	87
131	decode	2.00765	2.40035	168.843	270.825	87	270.825	87
132	decode	2.00769	2.40747	169.34	270.825	87	270.825	87
133	decode	2.00773	2.39612	168.536	270.825	87	270.825	87
134	decode	2.00777	2.38218	167.551	273.241	88	275.658	89
135	decode	2.00781	2.40238	168.967	275.658	89	275.658	89
136	decode	2.00785	2.39866	168.701	275.658	89	275.658	89
137	decode	2.0079	2.39667	168.556	275.658	89	275.658	89
138	decode	2.00794	2.37474	167.009	275.658	89	275.658	89
139	decode	2.00798	2.38381	167.642	275.658	89	275.658	89
140	decode	2.00802	2.39612	168.503	275.658	89	275.658	89
141	decode	2.00806	2.40227	168.931	275.658	89	275.658	89
142	decode	2.0081	2.39619	168.499	275.658	89	275.658	89
143	decode	2.00814	2.39828	168.641	279.302	89	279.302	89
144	decode	2.00818	2.39336	168.29	279.302	89	279.302	89
145	decode	2.00822	2.40072	168.803	279.302	89	279.302	89
146	decode	2.00826	2.39405	168.329	279.302	89	279.302	89
147	decode	2.0083	2.39816	168.613	279.302	89	279.302	89
148	decode	2.00834	2.40934	169.395	279.302	89	279.302	89
149	decode	2.00838	2.39317	168.253	279.302	89	279.302	89
150	decode	2.00842	2.38986	168.016	279.302	89	279.302	89
151	decode	2.00846	2.38811	167.888	278.704	89	279.302	89
152	decode	2.0085	2.40307	168.935	278.105	89	278.105	89
153	decode	2.00854	2.17354	152.794	278.105	89	278.105	89
154	decode	2.00858	2.34233	164.655	278.105	89	278.105	89
155	decode	2.00862	2.39389	168.275	278.105	89	278.105	89
156	decode	2.00866	2.40117	168.782	278.105	89	278.105	89
157	decode	2.0087	2.40851	169.293	278.105	89	278.105	89
158	decode	2.00874	2.3982	168.563	278.105	89	278.105	89
159	decode	2.00878	2.39133	168.076	278.105	89	278.105	89
160	decode	2.00882	2.39295	168.185	277.503	89	277.503	89
161	decode	2.00887	2.41005	169.382	277.503	89	277.503	89
162	decode	2.00891	2.40156	168.781	277.503	89	277.503	89
163	decode	2.00895	2.4071	169.165	277.503	89	277.503	89
164	decode	2.00899	2.40668	169.131	277.503	89	277.503	89
165	decode	2.00903	2.4022	168.811	277.503	89	277.503	89
166	decode	2.00907	2.39334	168.184	277.503	89	277.503	89
167	decode	2.00911	2.39629	168.387	277.503	89	277.503	89
168	decode	2.00915	2.40629	169.085	277.781	89	277.781	89
169	decode	2.00919	2.41031	169.362	277.781	89	277.781	89
170	decode	2.00923	2.40705	169.128	277.781	89	277.781	89
171	decode	2.00927	2.40219	168.782	277.781	89	277.781	89
172	decode	2.00931	2.40578	169.029	277.781	89	277.781	89
173	decode	2.00935	2.40412	168.908	277.781	89	277.781	89
174	decode	2.00939	2.41596	169.735	277.781	89	277.781	89
175	decode	2.00943	2.41155	169.421	277.781	89	277.781	89
176	decode	2.00947	2.4144	169.616	277.781	89	277.781	89
177	decode	2.00951	2.4047	168.93	285.331	89	285.331	89
178	decode	2.00955	2.40441	168.905	285.331	89	285.331	89
179	decode	2.00959	2.40247	168.764	285.331	89	285.331	89
180	decode	2.00963	2.40575	168.989	285.331	89	285.331	89
181	decode	2.00967	2.41188	169.415	285.331	89	285.331	89
182	decode	2.00971	2.40955	169.247	285.331	89	285.331	89
183	decode	2.00975	2.40367	168.829	285.331	89	285.331	89
184	decode	2.00979	2.39767	168.403	285.331	89	285.331	89
185	decode	2.00983	2.40605	168.987	280.032	89.5	285.331	90
186	decode	2.00988	2.40118	168.64	274.732	90	274.732	90
187	decode	2.00992	2.39936	168.507	274.732	90	274.732	90
188	decode	2.00996	2.40792	169.104	274.732	90	274.732	90
189	decode	2.01	2.3376	164.161	274.732	90	274.732	90
190	decode	2.01004	2.40171	168.658	274.732	90	274.732	90
191	decode	2.01008	2.40607	168.959	274.732	90	274.732	90
192	decode	2.01012	2.40186	168.659	274.732	90	274.732	90
193	decode	2.01016	2.38964	167.796	274.732	90	274.732	90
194	decode	2.0102	2.40006	168.523	280.221	90	280.221	90
195	decode	2.01024	2.39646	168.265	280.221	90	280.221	90
196	decode	2.01028	2.39742	168.328	280.221	90	280.221	90
197	decode	2.01032	2.3898	167.788	280.221	90	280.221	90
198	decode	2.01036	2.3718	166.52	280.221	90	280.221	90
199	decode	2.0104	2.4106	169.239	280.221	90	280.221	90
200	decode	2.01044	2.39496	168.137	280.221	90	280.221	90
201	decode	2.01048	2.40008	168.491	280.221	90	280.221	90
202	decode	2.01052	2.40938	169.139	280.221	90	280.221	90
203	decode	2.01056	2.40717	168.979	280.221	90	280.221	90
204	decode	2.0106	2.40863	169.077	280.221	90	280.221	90
205	decode	2.01064	2.39577	168.17	280.221	90	280.221	90
206	decode	2.01068	2.39262	167.944	280.221	90	280.221	90
207	decode	2.01072	2.40628	168.898	272.014	89	272.014	89
208	decode	2.01076	2.40266	168.639	272.014	89	272.014	89
209	decode	2.0108	2.40281	168.645	272.014	89	272.014	89
210	decode	2.01084	2.40356	168.693	281.749	89	281.749	89
211	decode	2.01088	2.39533	168.11	281.749	89	281.749	89
212	decode	2.01093	2.39467	168.06	281.749	89	281.749	89
213	decode	2.01097	2.40252	168.605	281.749	89	281.749	89
214	decode	2.01101	2.32143	162.91	281.749	89	281.749	89
215	decode	2.01105	2.40057	168.46	281.749	89	281.749	89
216	decode	2.01109	2.40198	168.553	281.749	89	281.749	89
217	decode	2.01113	2.39282	167.906	281.749	89	281.749	89
218	decode	2.01117	2.40002	168.406	273.57	89	281.749	89
219	decode	2.01121	2.40343	168.641	265.39	89	265.39	89
220	decode	2.01125	2.38512	167.351	265.39	89	265.39	89
221	decode	2.01129	2.39893	168.316	265.39	89	265.39	89
222	decode	2.01133	2.39596	168.102	265.39	89	265.39	89
223	decode	2.01137	2.34379	164.437	265.39	89	265.39	89
224	decode	2.01141	2.39607	168.101	265.39	89	265.39	89
225	decode	2.01145	2.40455	168.691	265.39	89	265.39	89
226	decode	2.01149	2.39631	168.108	265.39	89	265.39	89
227	decode	2.01153	2.40577	168.767	269.297	89	269.297	89
228	decode	2.01157	2.40101	168.428	269.297	89	269.297	89
229	decode	2.01161	2.39151	167.758	269.297	89	269.297	89
230	decode	2.01165	2.39577	168.051	269.297	89	269.297	89
231	decode	2.01169	2.40455	168.662	269.297	89	269.297	89
232	decode	2.01173	2.39817	168.211	269.297	89	269.297	89
233	decode	2.01177	2.38907	167.567	269.297	89	269.297	89
234	decode	2.01181	2.40501	168.68	269.297	89	269.297	89
235	decode	2.01185	2.10036	147.309	269.297	89	269.297	89
236	decode	2.01189	2.29372	160.866	269.297	89	269.297	89
237	decode	2.01193	2.26844	159.089	269.297	89	269.297	89
238	decode	2.01197	2.3313	163.492	269.297	89	269.297	89
239	decode	2.01202	2.33922	164.043	269.297	89	269.297	89
240	decode	2.01206	2.34417	164.385	269.297	89	269.297	89
241	decode	2.0121	2.33897	164.016	260.82	88	260.82	88
242	decode	2.01214	2.32925	163.33	260.82	88	260.82	88
243	decode	2.01218	2.33498	163.728	260.82	88	260.82	88
244	decode	2.01222	2.34987	164.766	260.82	88	260.82	88
245	decode	2.01226	2.35192	164.906	260.82	88	260.82	88
246	decode	2.0123	2.4016	168.384	260.82	88	260.82	88
247	decode	2.01234	2.33743	163.881	260.82	88	260.82	88
248	decode	2.01238	2.38741	167.38	260.82	88	260.82	88
249	decode	2.01242	2.40579	168.664	260.82	88	260.82	88
250	decode	2.01246	2.38655	167.31	260.82	88	260.82	88
251	decode	2.0125	2.3882	167.421	260.82	88	260.82	88
252	decode	2.01254	2.39893	168.169	274.137	88	274.137	88
253	decode	2.01258	2.39291	167.742	274.137	88	274.137	88
254	decode	2.01262	2.39607	167.959	274.137	88	274.137	88
