0	prefill	800.237	26.9185	3477.87	19.684	78.45	23.316	97
1	decode	15.8915	1.99226	219.657	20.163	93	20.558	96
2	decode	15.8897	2.00664	221.234	19.2932	92.4	19.768	96
3	decode	15.8879	2.01482	222.128	18.344	94	18.581	97
4	decode	15.8861	2.01327	221.948	17.5534	93.4	17.791	96
5	decode	15.8843	1.99612	220.049	17	93.4	17.395	97
6	decode	15.8825	2.01612	222.246	16.4466	94.2	16.605	97
7	decode	15.8807	1.98223	218.502	15.972	93	16.209	96
8	decode	15.879	2.00154	220.622	15.577	93.2	15.814	96
9	decode	15.8772	2.0017	220.631	15.221	91.3333	15.419	97
10	decode	15.8754	1.84925	203.82	14.865	84.2	15.023	97
11	decode	15.8736	1.98833	219.141	14.628	91.75	14.628	96
12	decode	15.8718	2.01912	222.526	14.628	94	14.628	96
13	decode	15.87	2.01087	221.609	14.232	93.5	14.232	97
14	decode	15.8682	1.99064	219.371	14.232	92.4	14.232	96
15	decode	15.8665	2.01899	222.486	14.232	93	14.232	96
16	decode	15.8647	1.99972	220.354	14.232	94	14.232	97
17	decode	15.8629	2.01187	221.685	14.074	93.6	14.232	97
18	decode	15.8611	2.00601	221.031	13.837	92.6	13.837	96
19	decode	15.8593	2.00324	220.717	13.837	90.4	13.837	97
20	decode	15.8575	2.02399	222.996	13.837	91.8	13.837	96
21	decode	15.8558	2.00845	221.274	13.837	89.8	13.837	97
22	decode	15.854	2.02124	222.676	13.837	92.5	13.837	96
23	decode	15.8522	2.01101	221.54	13.837	94	13.837	97
24	decode	15.8504	1.99938	220.25	13.837	94	13.837	97
25	decode	15.8486	2.00174	220.502	13.837	94.6	13.837	97
26	decode	15.8469	1.98185	218.302	13.837	90.4	13.837	97
27	decode	15.8451	1.99318	219.543	13.837	93.25	13.837	96
28	decode	15.8433	1.99984	220.267	13.837	92.5	13.837	96
29	decode	15.8415	1.99966	220.239	13.837	94	13.837	97
30	decode	15.8397	2.00497	220.816	13.837	92.5	13.837	96
31	decode	15.838	1.99434	219.636	13.837	94.2	13.837	97
32	decode	15.8362	1.99616	219.828	13.837	92.8	13.837	96
33	decode	15.8344	1.98653	218.76	13.758	92.8	13.837	96
34	decode	15.8326	2.00447	220.727	13.837	92.2	13.837	96
35	decode	15.8309	2.01049	221.382	13.837	94.2	13.837	97
36	decode	15.8291	1.99712	219.901	13.679	91.2	13.837	96
37	decode	15.8273	1.99618	219.789	13.6	92.8	13.837	96
38	decode	15.8255	1.99895	220.086	13.5407	92.25	13.837	96
39	decode	15.8238	1.98113	218.116	13.6	93.6	13.837	97
40	decode	15.822	2.00025	220.212	13.6395	93	13.837	96
41	decode	15.8202	1.99721	219.869	13.6	93.8	13.837	97
42	decode	15.8185	2.01493	221.812	13.5407	93	13.837	96
43	decode	15.8167	2.00608	220.829	13.6395	93.25	13.837	96
44	decode	15.8149	2.01062	221.32	13.837	94.3333	13.837	97
45	decode	15.8132	1.98922	218.957	13.837	92	13.837	96
46	decode	15.8114	2.00895	221.12	13.837	93.5	13.837	96
47	decode	15.8096	2.00552	220.734	13.837	93.6	13.837	96
48	decode	15.8078	1.96315	216.063	13.837	90.2	13.837	96
49	decode	15.8061	1.99418	219.47	13.837	93.2	13.837	96
50	decode	15.8043	2.00549	220.706	13.837	93	13.837	96
51	decode	15.8026	1.9993	220.017	13.837	92.25	13.837	96
52	decode	15.8008	1.9991	219.986	13.837	93.25	13.837	97
53	decode	15.799	1.96244	215.943	13.837	89.2	13.837	96
54	decode	15.7973	1.99255	219.249	13.837	91.5	13.837	96
55	decode	15.7955	1.99706	219.737	13.837	93	13.837	96
56	decode	15.7937	1.99404	219.396	13.837	93.5	13.837	96
57	decode	15.792	1.96743	216.459	13.837	91.8	13.837	97
58	decode	15.7902	2.00002	220.038	13.837	94.4	13.837	97
59	decode	15.7884	1.99499	219.476	13.837	93.6	13.837	96
60	decode	15.7867	2.00757	220.851	13.837	94	13.837	97
61	decode	15.7849	2.00275	220.312	13.916	93.6	14.232	97
62	decode	15.7832	1.99552	219.508	13.995	94.2	14.232	97
63	decode	15.7814	1.96382	216.014	13.837	86.8	13.837	96
64	decode	15.7796	1.98771	218.633	13.837	90	13.837	97
65	decode	15.7779	1.98752	218.604	13.837	92.8	13.837	96
66	decode	15.7761	2.00622	220.652	13.916	94.4	14.232	97
67	decode	15.7744	1.96609	216.231	13.995	92.8	14.232	97
68	decode	15.7726	1.99421	219.315	14.153	93.8	14.232	97
69	decode	15.7709	1.97984	217.726	14.153	93.8	14.232	97
70	decode	15.7691	1.99487	219.371	14.153	93.6	14.232	97
71	decode	15.7673	1.97197	216.845	13.837	92.25	13.837	96
72	decode	15.7656	1.9828	218.027	13.837	93.4	13.837	97
73	decode	15.7638	1.99694	219.573	13.837	93.8	13.837	97
74	decode	15.7621	1.99575	219.435	13.837	93.6	13.837	96
75	decode	15.7603	1.98995	218.789	13.837	93.8	13.837	96
76	decode	15.7586	2.00485	220.419	13.837	93.6	13.837	97
77	decode	15.7568	1.99596	219.432	13.837	94.4	13.837	96
78	decode	15.7551	1.99606	219.435	13.837	94.2	13.837	97
79	decode	15.7533	1.99261	219.048	13.837	93.6	13.837	97
80	decode	15.7516	1.99558	219.366	13.837	93.6	13.837	97
81	decode	15.7498	1.99316	219.091	13.837	94.5	13.837	97
82	decode	15.7481	1.99312	219.079	13.837	92.5	13.837	96
83	decode	15.7463	1.9934	219.102	13.837	94	13.837	97
84	decode	15.7446	1.98395	218.055	13.837	93.2	13.837	97
85	decode	15.7428	1.98996	218.707	13.837	92	13.837	96
86	decode	15.7411	1.98569	218.229	13.837	92.75	13.837	96
87	decode	15.7393	1.99259	218.979	13.837	94	13.837	97
88	decode	15.7376	1.98624	218.273	13.837	94.2	13.837	97
89	decode	15.7358	1.97741	217.294	13.837	93.8	13.837	97
90	decode	15.7341	1.98362	217.969	13.837	92.4	13.837	96
91	decode	15.7324	1.98003	217.567	13.837	94	13.837	97
92	decode	15.7306	1.99299	218.982	13.837	93.6	13.837	97
93	decode	15.7289	1.98837	218.466	13.837	93.4	13.837	97
94	decode	15.7271	1.98774	218.388	13.837	92.75	13.837	96
95	decode	15.7254	1.98777	218.384	13.837	93.6	13.837	96
96	decode	15.7236	1.99018	218.64	13.916	92.6	14.232	96
97	decode	15.7219	1.98551	218.118	14.153	92.4	14.232	96
98	decode	15.7202	1.98383	217.926	14.1003	94	14.232	97
99	decode	15.7184	1.98366	217.9	14.0345	92.75	14.232	96
100	decode	15.7167	1.99153	218.755	14.0345	92.75	14.232	96
101	decode	15.7149	1.98551	218.086	14.1662	94	14.232	97
102	decode	15.7132	1.97781	217.231	14.232	92	14.232	96
103	decode	15.7115	1.96025	215.295	14.153	93	14.232	96
104	decode	15.7097	1.97913	217.36	14.1003	94.6667	14.232	97
105	decode	15.708	1.99016	218.564	14.1333	92.25	14.232	96
106	decode	15.7062	1.97741	217.155	14.232	93	14.232	96
107	decode	15.7045	1.94627	213.728	14.153	87.4	14.232	96
108	decode	15.7028	1.98506	217.979	14.153	93.8	14.232	97
109	decode	15.701	1.99089	218.611	14.153	94.2	14.232	96
110	decode	15.6993	1.98501	217.957	14.232	93.8	14.232	97
111	decode	15.6976	1.98277	217.703	14.232	92.5	14.232	96
112	decode	15.6958	1.99038	218.529	14.153	92.8	14.232	96
113	decode	15.6941	1.97557	216.896	14.074	94.4	14.232	98
114	decode	15.6924	1.98202	217.595	14.232	93.2	14.232	96
115	decode	15.6906	1.99659	219.187	14.232	94	14.232	97
116	decode	15.6889	1.98949	218.399	14.232	93	14.232	96
117	decode	15.6872	1.97072	216.33	14.232	93.4	14.232	96
118	decode	15.6854	1.97977	217.316	14.232	93.2	14.232	96
119	decode	15.6837	1.98455	217.832	14.232	93	14.232	96
120	decode	15.682	1.9777	217.072	14.232	93.6	14.232	96
121	decode	15.6802	1.9676	215.955	14.232	92.4	14.232	96
122	decode	15.6785	1.98824	218.213	14.232	93.8	14.232	96
123	decode	15.6768	1.97943	217.237	14.232	92.5	14.232	96
124	decode	15.6751	1.98017	217.31	14.232	92.5	14.232	96
125	decode	15.6733	1.97849	217.118	14.232	90.6	14.232	96
126	decode	15.6716	1.97228	216.429	14.232	92.75	14.232	96
127	decode	15.6699	1.9819	217.475	14.232	93.8	14.232	97
128	decode	15.6682	1.98057	217.321	14.232	93.4	14.232	97
129	decode	15.6664	1.98861	218.196	14.232	93.25	14.232	97
130	decode	15.6647	1.98409	217.691	14.232	93.8	14.232	97
131	decode	15.663	1.98663	217.961	14.232	92.5	14.232	96
132	decode	15.6613	1.97996	217.222	14.232	94	14.232	97
133	decode	15.6595	1.95346	214.307	14.232	93.6667	14.232	97
134	decode	15.6578	1.97922	217.124	14.232	93.4	14.232	97
135	decode	15.6561	1.97253	216.382	14.232	93.5	14.232	96
136	decode	15.6544	1.98941	218.226	14.232	93	14.232	96
137	decode	15.6526	1.98061	217.252	14.232	93.25	14.232	96
138	decode	15.6509	1.96715	215.768	14.232	94.3333	14.232	97
139	decode	15.6492	1.97824	216.976	14.232	93.25	14.232	96
140	decode	15.6475	1.9727	216.36	14.232	94.3333	14.232	97
141	decode	15.6458	1.97925	217.07	14.232	93.75	14.232	96
142	decode	15.6441	1.9759	216.695	14.232	92.8	14.232	96
143	decode	15.6423	1.97931	217.06	14.232	94.1667	14.232	97
144	decode	15.6406	1.97741	216.843	14.232	93.25	14.232	96
145	decode	15.6389	1.96305	215.261	14.232	93.2	14.232	97
146	decode	15.6372	1.98339	217.483	14.232	93	14.232	96
147	decode	15.6355	1.97998	217.101	14.232	92.5	14.232	96
148	decode	15.6337	1.97634	216.694	14.232	94.2	14.232	97
149	decode	15.632	1.96723	215.686	14.232	92.75	14.232	96
150	decode	15.6303	1.87352	205.405	14.232	88.6	14.232	97
151	decode	15.6286	1.97226	216.222	14.232	93	14.232	97
152	decode	15.6269	1.9735	216.349	14.232	93.8	14.232	97
153	decode	15.6252	1.98216	217.291	14.232	93.75	14.232	96
154	decode	15.6235	1.97116	216.077	14.232	93.4	14.232	97
155	decode	15.6218	1.97219	216.182	14.232	93.75	14.232	96
156	decode	15.62	1.94247	212.916	14.232	93.1667	14.232	97
157	decode	15.6183	1.96779	215.683	14.232	93.8	14.232	97
158	decode	15.6166	1.97965	216.975	14.232	93.8	14.232	97
159	decode	15.6149	1.98101	217.115	14.232	93.8	14.232	97
160	decode	15.6132	1.96667	215.536	14.232	93.25	14.232	97
161	decode	15.6115	1.9666	215.52	14.232	94	14.232	97
162	decode	15.6098	1.96232	215.043	14.232	93.2	14.232	96
163	decode	15.6081	1.97805	216.759	14.232	93.4	14.232	97
164	decode	15.6064	1.98836	217.881	14.232	94	14.232	97
165	decode	15.6047	1.96981	215.839	14.232	93.8	14.232	97
166	decode	15.603	1.9737	216.258	14.232	92.25	14.232	96
167	decode	15.6012	1.97491	216.382	14.232	94.6667	14.232	97
168	decode	15.5995	1.9745	216.329	14.232	93.4	14.232	97
169	decode	15.5978	1.9733	216.19	14.232	93	14.232	96
170	decode	15.5961	1.97706	216.593	14.3112	93.8	14.628	97
171	decode	15.5944	1.95926	214.635	14.331	92.75	14.628	96
172	decode	15.5927	1.96822	215.608	14.232	92.5	14.232	96
173	decode	15.591	1.93012	211.427	14.3112	91.2	14.628	96
174	decode	15.5893	1.96121	214.825	14.3112	94	14.628	97
175	decode	15.5876	1.96548	215.284	14.3904	93.4	14.628	96
176	decode	15.5859	1.96659	215.397	14.331	92	14.628	96
177	decode	15.5842	1.96385	215.089	14.364	94	14.628	97
178	decode	15.5825	1.98401	217.289	14.3904	93.8	14.628	97
179	decode	15.5808	1.97793	216.614	14.331	93.25	14.628	96
180	decode	15.5791	1.97156	215.909	14.232	93.2	14.232	97
181	decode	15.5774	1.96675	215.374	14.331	92.5	14.628	96
182	decode	15.5757	1.96801	215.504	14.4696	93.6	14.628	97
183	decode	15.574	1.96214	214.853	14.5488	93.2	14.628	97
184	decode	15.5723	1.95807	214.399	14.628	93	14.628	97
185	decode	15.5706	1.95918	214.513	14.628	91.5	14.628	96
186	decode	15.5689	1.96181	214.793	14.628	94.3333	14.628	97
187	decode	15.5672	1.97025	215.709	14.628	92.75	14.628	96
188	decode	15.5655	1.96626	215.264	14.628	93.6	14.628	97
189	decode	15.5638	1.97082	215.755	14.628	93.25	14.628	96
190	decode	15.5621	1.96155	214.732	14.628	93	14.628	96
191	decode	15.5605	1.97225	215.895	14.628	94	14.628	97
192	decode	15.5588	1.96624	215.229	14.628	93.25	14.628	97
193	decode	15.5571	1.96417	214.995	14.628	93.8	14.628	97
194	decode	15.5554	1.96477	215.052	14.628	93.4	14.628	97
195	decode	15.5537	1.97202	215.838	14.628	93.6	14.628	97
196	decode	15.552	1.97587	216.25	14.628	93.8	14.628	97
197	decode	15.5503	1.9691	215.502	14.628	91.75	14.628	96
198	decode	15.5486	1.98272	216.984	14.628	92.75	14.628	96
199	decode	15.5469	1.98598	217.332	14.628	93.8	14.628	97
200	decode	15.5452	1.98265	216.96	14.628	93.4	14.628	97
201	decode	15.5435	1.98569	217.284	14.4696	93.4	14.628	96
202	decode	15.5419	1.97704	216.33	14.232	93.6	14.232	97
203	decode	15.5402	1.98135	216.794	14.232	93.5	14.232	96
204	decode	15.5385	1.98054	216.696	14.232	92.75	14.232	96
205	decode	15.5368	1.98771	217.473	14.232	94.4	14.232	96
206	decode	15.5351	1.98797	217.493	14.232	94	14.232	97
207	decode	15.5334	1.9614	214.578	14.232	92.5	14.232	96
208	decode	15.5317	1.97444	215.996	14.232	93	14.232	96
209	decode	15.53	1.98103	216.709	14.232	94	14.232	97
210	decode	15.5284	1.9785	216.424	14.232	93.4	14.232	96
211	decode	15.5267	1.9766	216.208	14.232	93.5	14.232	96
212	decode	15.525	1.97893	216.455	14.232	93.5	14.232	97
213	decode	15.5233	1.9799	216.553	14.232	92.75	14.232	96
214	decode	15.5216	1.97701	216.229	14.232	93.6	14.232	97
215	decode	15.5199	1.97729	216.251	14.232	93.5	14.232	96
216	decode	15.5183	1.97536	216.032	14.232	93.6	14.232	97
217	decode	15.5166	1.97602	216.096	14.232	94.2	14.232	97
218	decode	15.5149	1.97804	216.309	14.232	93.6	14.232	96
219	decode	15.5132	1.97389	215.847	14.232	94.3333	14.232	97
220	decode	15.5115	1.98068	216.581	14.232	93.4	14.232	97
221	decode	15.5099	1.97682	216.152	14.232	93.25	14.232	96
222	decode	15.5082	1.97696	216.159	14.232	93.6	14.232	97
223	decode	15.5065	1.97414	215.842	14.232	93.6	14.232	97
224	decode	15.5048	1.97749	216.2	14.232	93.8	14.232	97
225	decode	15.5032	1.93426	211.466	14.232	92.8	14.232	96
226	decode	15.5015	1.93484	211.521	14.232	86	14.232	96
227	decode	15.4998	1.98451	216.943	14.232	93.2	14.232	96
228	decode	15.4981	1.98362	216.837	14.232	92	14.232	96
229	decode	15.4964	1.96224	214.492	14.232	94	14.232	97
230	decode	15.4948	1.97814	216.222	14.232	94	14.232	97
231	decode	15.4931	1.95256	213.418	14.232	93.1667	14.232	97
232	decode	15.4914	1.98426	216.875	14.232	92.25	14.232	96
233	decode	15.4898	1.96799	215.088	14.232	93.2	14.232	97
234	decode	15.4881	1.9734	215.672	14.232	93.4	14.232	97
235	decode	15.4864	1.98551	216.986	14.232	93.25	14.232	96
236	decode	15.4847	1.96626	214.875	14.232	93.4	14.232	97
237	decode	15.4831	1.97976	216.342	14.232	94	14.232	97
238	decode	15.4814	1.97667	215.996	14.232	93.8	14.232	97
239	decode	15.4797	1.98117	216.48	14.232	93	14.232	96
240	decode	15.4781	1.93824	211.782	14.232	92.6	14.232	96
241	decode	15.4764	1.94713	212.744	14.232	93	14.232	97
242	decode	15.4747	1.96311	214.482	14.232	92.5	14.232	96
243	decode	15.473	1.97565	215.844	14.232	94.5	14.232	97
244	decode	15.4714	1.98229	216.562	14.232	92.5	14.232	96
245	decode	15.4697	1.96239	214.38	14.232	93.8333	14.232	97
246	decode	15.468	1.9767	215.935	14.232	93	14.232	96
247	decode	15.4664	1.97227	215.443	14.232	92.5	14.232	96
248	decode	15.4647	1.97056	215.248	14.232	94	14.232	97
249	decode	15.463	1.96927	215.099	14.232	93.75	14.232	96
250	decode	15.4614	1.97666	215.898	14.232	94.3333	14.232	97
251	decode	15.4597	1.97093	215.264	14.232	93	14.232	97
252	decode	15.458	1.97501	215.701	14.232	92.75	14.232	96
253	decode	15.4564	1.97595	215.796	14.232	94	14.232	97
254	decode	15.4547	1.97499	215.683	14.232	93.4	14.232	96
