0	prefill	100.814	5.54531	716.455	13.8763	80.4	14.232	97
1	decode	2.00228	0.257682	28.4108	13.837	93.5	13.837	96
2	decode	2.00232	0.260557	28.7267	13.837	90.4	13.837	97
3	decode	2.00235	0.25908	28.5627	13.442	94	13.442	97
4	decode	2.00239	0.258067	28.45	13.442	89.75	13.442	96
5	decode	2.00243	0.258877	28.5383	13.442	94.6	13.442	97
6	decode	2.00247	0.257745	28.4124	13.145	90	13.442	97
7	decode	2.00251	0.258696	28.5161	13.046	94.4	13.046	98
8	decode	2.00254	0.25932	28.5838	13.046	92.8	13.046	97
9	decode	2.00258	0.259691	28.6237	13.046	94	13.046	96
10	decode	2.00262	0.257559	28.3876	13.046	90	13.046	97
11	decode	2.00266	0.2553	28.1375	13.046	92.25	13.046	96
12	decode	2.0027	0.258423	28.4806	13.046	89	13.046	96
13	decode	2.00273	0.255626	28.1714	13.046	94.2	13.046	97
14	decode	2.00277	0.254866	28.0865	13.046	87	13.046	96
15	decode	2.00281	0.258076	28.4392	12.73	93.8	13.046	96
16	decode	2.00285	0.260609	28.7172	12.651	91.8	12.651	97
17	decode	2.00289	0.25885	28.5222	12.651	94	12.651	96
18	decode	2.00292	0.257233	28.343	12.651	91	12.651	97
19	decode	2.00296	0.258644	28.4974	12.651	93.5	12.651	96
20	decode	2.003	0.26014	28.6612	12.651	93.6	12.651	96
21	decode	2.00304	0.2577	28.3912	12.651	89.8	12.651	97
22	decode	2.00308	0.258233	28.449	12.651	93.5	12.651	97
23	decode	2.00311	0.258054	28.4281	12.651	93	12.651	96
24	decode	2.00315	0.256094	28.2111	12.651	89.5	12.651	97
25	decode	2.00319	0.258802	28.5083	12.651	94.4	12.651	97
26	decode	2.00323	0.256951	28.3033	12.651	90.4	12.651	97
27	decode	2.00326	0.259344	28.5658	12.651	93.75	12.651	97
28	decode	2.0033	0.25999	28.636	12.651	92.25	12.651	96
29	decode	2.00334	0.259507	28.5817	12.651	94.4	12.651	97
30	decode	2.00338	0.257071	28.3123	12.651	91.4	12.651	97
31	decode	2.00342	0.257471	28.3553	12.651	91	12.651	96
32	decode	2.00345	0.259145	28.5386	12.651	94.2	12.651	97
33	decode	2.00349	0.256653	28.2631	12.651	91.2	12.651	97
34	decode	2.00353	0.258132	28.4248	12.651	93.5	12.651	96
35	decode	2.00357	0.259239	28.5457	12.651	93.4	12.651	96
36	decode	2.00361	0.261191	28.7596	12.651	95.6	12.651	97
37	decode	2.00364	0.255441	28.1253	12.651	88.75	12.651	96
38	decode	2.00368	0.257982	28.404	12.651	94.6	12.651	97
39	decode	2.00372	0.259146	28.5311	12.651	91.75	12.651	96
40	decode	2.00376	0.259643	28.5848	12.651	94.2	12.651	97
41	decode	2.00379	0.258817	28.4927	12.651	90.8	12.651	96
42	decode	2.00383	0.259209	28.5349	12.651	90.75	12.651	96
43	decode	2.00387	0.258334	28.4374	12.651	94.4	12.651	97
44	decode	2.00391	0.252348	27.7774	12.651	90.4	12.651	96
45	decode	2.00395	0.259628	28.5777	12.651	90.25	12.651	96
46	decode	2.00398	0.257162	28.3051	12.651	92.75	12.651	96
47	decode	2.00402	0.258374	28.4375	12.651	90	12.651	97
48	decode	2.00406	0.258593	28.4605	12.651	92.75	12.651	96
49	decode	2.0041	0.26013	28.6286	12.651	93.8	12.651	97
50	decode	2.00414	0.25928	28.534	12.651	93	12.651	97
51	decode	2.00417	0.256878	28.2686	12.651	95	12.651	97
52	decode	2.00421	0.258884	28.4882	12.651	93.5	12.651	96
53	decode	2.00425	0.259354	28.5389	12.651	93.8	12.651	97
54	decode	2.00429	0.258557	28.4501	12.651	92.2	12.651	97
55	decode	2.00433	0.259155	28.5148	12.651	93.25	12.651	96
56	decode	2.00436	0.259409	28.5417	12.651	93	12.651	97
57	decode	2.0044	0.260597	28.6713	12.651	92	12.651	96
58	decode	2.00444	0.255149	28.0709	12.651	94.2	12.651	97
59	decode	2.00448	0.255278	28.084	12.651	89	12.651	97
60	decode	2.00451	0.258524	28.44	12.651	89.8	12.651	96
61	decode	2.00455	0.259371	28.5321	12.7497	91.5	13.046	97
62	decode	2.00459	0.255254	28.0781	12.73	92.4	13.046	96
63	decode	2.00463	0.259454	28.5391	12.651	92.4	12.651	97
64	decode	2.00467	0.259778	28.5736	12.651	93.25	12.651	96
65	decode	2.0047	0.2581	28.388	12.651	90.8	12.651	97
66	decode	2.00474	0.259245	28.5129	12.651	92.75	12.651	96
67	decode	2.00478	0.25915	28.5013	12.73	95	13.046	97
68	decode	2.00482	0.260107	28.6054	12.651	93.5	12.651	96
69	decode	2.00485	0.258884	28.4699	12.651	90.8	12.651	96
70	decode	2.00489	0.25203	27.7151	12.651	88	12.651	97
71	decode	2.00493	0.25906	28.4871	12.651	93	12.651	96
72	decode	2.00497	0.258896	28.468	12.651	94.2	12.651	97
73	decode	2.00501	0.258856	28.4626	12.651	91.6	12.651	97
74	decode	2.00504	0.25894	28.4706	12.651	94	12.651	97
75	decode	2.00508	0.258913	28.4666	12.651	93.25	12.651	97
76	decode	2.00512	0.254375	27.9666	12.651	91.4	12.651	97
77	decode	2.00516	0.258007	28.3649	12.651	93.75	12.651	97
78	decode	2.0052	0.258698	28.4398	12.651	94.6	12.651	97
79	decode	2.00523	0.255563	28.0941	12.651	90.6	12.651	96
80	decode	2.00527	0.256369	28.1816	12.651	89.75	12.651	96
81	decode	2.00531	0.257545	28.3098	12.651	93.6	12.651	96
82	decode	2.00535	0.258855	28.4527	12.651	93	12.651	97
83	decode	2.00538	0.259039	28.4719	12.651	94.4	12.651	97
84	decode	2.00542	0.258682	28.4316	12.651	91.25	12.651	97
85	decode	2.00546	0.25843	28.4028	12.651	94	12.651	97
86	decode	2.0055	0.259412	28.5096	12.651	90.25	12.651	96
87	decode	2.00554	0.258838	28.4455	12.651	93	12.651	96
88	decode	2.00557	0.255223	28.0472	12.651	89	12.651	97
89	decode	2.00561	0.256084	28.1407	12.651	88.8	12.651	97
90	decode	2.00565	0.259356	28.4992	12.651	94.25	12.651	96
91	decode	2.00569	0.257007	28.24	12.651	91.2	12.651	97
92	decode	2.00572	0.258521	28.4053	12.651	93.75	12.651	97
93	decode	2.00576	0.257004	28.2376	12.651	87.75	12.651	96
94	decode	2.0058	0.257403	28.2803	12.651	93	12.651	96
95	decode	2.00584	0.255802	28.1033	12.651	89	12.651	97
96	decode	2.00588	0.259437	28.5016	12.651	94	12.651	97
97	decode	2.00591	0.256484	28.1761	12.651	90.4	12.651	97
98	decode	2.00595	0.25901	28.4525	12.651	93	12.651	96
99	decode	2.00599	0.259145	28.4663	12.651	94.2	12.651	97
100	decode	2.00603	0.258172	28.3584	12.651	94.4	12.651	97
101	decode	2.00606	0.258309	28.3724	12.651	91.75	12.651	96
102	decode	2.0061	0.258377	28.3787	12.651	94.8	12.651	97
103	decode	2.00614	0.259986	28.5543	12.651	93.75	12.651	97
104	decode	2.00618	0.259379	28.4867	12.651	92.4	12.651	97
105	decode	2.00622	0.25932	28.479	12.651	93.25	12.651	96
106	decode	2.00625	0.25807	28.3407	12.651	90.8	12.651	96
107	decode	2.00629	0.258844	28.4246	12.651	89.75	12.651	97
108	decode	2.00633	0.258625	28.3995	12.651	93.25	12.651	96
109	decode	2.00637	0.255104	28.0119	12.651	89.8	12.651	97
110	decode	2.00641	0.258563	28.3905	12.651	92.5	12.651	97
111	decode	2.00644	0.259098	28.4482	12.651	93.2	12.651	96
112	decode	2.00648	0.257645	28.2876	12.651	90	12.651	97
113	decode	2.00652	0.25932	28.4705	12.651	93.5	12.651	96
114	decode	2.00656	0.256604	28.1712	12.651	92.8	12.651	97
115	decode	2.00659	0.256534	28.1625	12.651	92.75	12.651	96
116	decode	2.00663	0.258832	28.4136	12.651	92.6	12.651	97
117	decode	2.00667	0.25871	28.3992	12.651	93.25	12.651	97
118	decode	2.00671	0.257591	28.2752	12.651	92.75	12.651	96
119	decode	2.00674	0.255411	28.0349	12.651	89.2	12.651	96
120	decode	2.00678	0.257975	28.3153	12.651	88	12.651	96
121	decode	2.00682	0.258631	28.3862	12.651	93.5	12.651	97
122	decode	2.00686	0.256535	28.1551	12.651	93.6	12.651	96
123	decode	2.0069	0.25324	27.7924	12.651	88.8	12.651	97
124	decode	2.00693	0.258887	28.4111	12.651	93.75	12.651	97
125	decode	2.00697	0.257684	28.278	12.651	89.2	12.651	97
126	decode	2.00701	0.25989	28.519	12.651	92	12.651	96
127	decode	2.00705	0.261351	28.6783	12.651	94.6	12.651	97
128	decode	2.00708	0.259568	28.4815	12.7497	91.25	13.046	96
129	decode	2.00712	0.258836	28.4002	12.888	93.6	13.046	97
130	decode	2.00716	0.25903	28.4203	12.8485	92.25	13.046	97
131	decode	2.0072	0.261067	28.6428	12.809	95.2	13.046	98
132	decode	2.00724	0.26138	28.6761	12.8485	92.75	13.046	96
133	decode	2.00727	0.259188	28.4345	12.73	93.4	13.046	97
134	decode	2.00731	0.260096	28.533	12.8485	93	13.046	96
135	decode	2.00735	0.259145	28.4276	12.888	95	13.046	97
136	decode	2.00739	0.258991	28.4097	12.7497	92	13.046	96
137	decode	2.00742	0.25833	28.3361	12.809	94.2	13.046	97
138	decode	2.00746	0.260283	28.5492	12.73	94.4	13.046	97
139	decode	2.0075	0.26037	28.5577	12.651	93.25	12.651	97
140	decode	2.00754	0.259466	28.4575	12.651	94.6	12.651	97
141	decode	2.00758	0.258607	28.3621	12.651	92.25	12.651	96
142	decode	2.00761	0.259435	28.452	12.651	94.6	12.651	97
143	decode	2.00765	0.257943	28.2872	12.651	91.6	12.651	97
144	decode	2.00769	0.258512	28.3485	12.651	92.75	12.651	97
145	decode	2.00773	0.25909	28.4109	12.651	94.2	12.651	97
146	decode	2.00776	0.260031	28.513	12.651	93.5	12.651	96
147	decode	2.0078	0.257611	28.2466	12.651	89.6	12.651	97
148	decode	2.00784	0.259625	28.4663	12.651	91.5	12.651	97
149	decode	2.00788	0.258644	28.3576	12.651	94.2	12.651	97
150	decode	2.00792	0.25904	28.4	12.651	90.5	12.651	97
151	decode	2.00795	0.259017	28.3964	12.651	93.75	12.651	97
152	decode	2.00799	0.259275	28.4237	12.651	91.5	12.651	96
153	decode	2.00803	0.258802	28.3707	12.651	92.6	12.651	96
154	decode	2.00807	0.260341	28.5384	12.651	94.4	12.651	97
155	decode	2.0081	0.259338	28.4274	12.73	94.4	13.046	97
156	decode	2.00814	0.258027	28.2826	12.651	90.8	12.651	97
157	decode	2.00818	0.259095	28.3986	12.651	93	12.651	96
158	decode	2.00822	0.259479	28.4396	12.73	94.8	13.046	97
159	decode	2.00825	0.259571	28.4485	12.7497	90.5	13.046	96
160	decode	2.00829	0.259025	28.3877	12.888	93.8	13.046	96
161	decode	2.00833	0.258108	28.2861	12.8485	90.25	13.046	96
162	decode	2.00837	0.259002	28.3831	12.967	94.2	13.046	97
163	decode	2.00841	0.256268	28.0824	12.888	90	13.046	97
164	decode	2.00844	0.258084	28.2803	12.7497	93.25	13.046	97
165	decode	2.00848	0.258887	28.3672	12.651	91.5	12.651	96
166	decode	2.00852	0.258518	28.3257	12.7497	93.5	13.046	96
167	decode	2.00856	0.25682	28.1386	12.651	89.4	12.651	97
168	decode	2.00859	0.260737	28.5667	12.651	94.25	12.651	97
169	decode	2.00863	0.259853	28.4688	12.73	91.6	13.046	97
170	decode	2.00867	0.26029	28.5156	12.8485	93.5	13.046	96
171	decode	2.00871	0.258515	28.32	12.888	91.4	13.046	97
172	decode	2.00874	0.2578	28.2407	12.73	92.6	13.046	96
173	decode	2.00878	0.259199	28.3928	12.651	91.2	12.651	97
174	decode	2.00882	0.258353	28.2991	12.651	94.5	12.651	96
175	decode	2.00886	0.256266	28.0694	12.651	89	12.651	96
176	decode	2.0089	0.261019	28.5889	12.651	92.6	12.651	97
177	decode	2.00893	0.261366	28.6258	12.651	93.75	12.651	97
178	decode	2.00897	0.259851	28.4589	12.651	92.4	12.651	96
179	decode	2.00901	0.258872	28.3506	12.651	90	12.651	96
180	decode	2.00905	0.259605	28.4298	12.651	94.25	12.651	97
181	decode	2.00908	0.254932	27.917	12.651	89.8	12.651	97
182	decode	2.00912	0.258238	28.278	12.7497	92.75	13.046	96
183	decode	2.00916	0.259034	28.364	12.73	94.8	13.046	97
184	decode	2.0092	0.254858	27.9058	12.809	91	13.046	96
185	decode	2.00923	0.259464	28.409	12.651	91.6	12.651	97
186	decode	2.00927	0.260097	28.4773	12.651	92.75	12.651	96
187	decode	2.00931	0.257096	28.1476	12.809	93	13.046	97
188	decode	2.00935	0.258212	28.2687	12.73	93.6	13.046	96
189	decode	2.00939	0.255201	27.938	12.651	88.4	12.651	97
190	decode	2.00942	0.257369	28.1743	12.651	88.6	12.651	97
191	decode	2.00946	0.258009	28.2433	12.651	92	12.651	96
192	decode	2.0095	0.258433	28.2887	12.651	93.5	12.651	96
193	decode	2.00954	0.257755	28.2134	12.651	90.6	12.651	97
194	decode	2.00957	0.26013	28.4722	12.651	94.25	12.651	97
195	decode	2.00961	0.258295	28.2703	12.651	90.8	12.651	97
196	decode	2.00965	0.256415	28.0636	12.651	92.5	12.651	96
197	decode	2.00969	0.258382	28.2777	12.73	92.2	13.046	97
198	decode	2.00972	0.259139	28.3595	12.8485	94	13.046	96
199	decode	2.00976	0.254612	27.863	12.73	91.8	13.046	96
200	decode	2.0098	0.258462	28.2833	12.651	90.75	12.651	96
201	decode	2.00984	0.257246	28.1492	12.809	93.4	13.046	97
202	decode	2.00987	0.255465	27.9533	12.651	89	12.651	96
203	decode	2.00991	0.255565	27.9631	12.651	92.6	12.651	96
204	decode	2.00995	0.257396	28.1625	12.651	89.6	12.651	97
205	decode	2.00999	0.258584	28.2914	12.651	92.75	12.651	96
206	decode	2.01003	0.256435	28.0551	12.651	93.4	12.651	97
207	decode	2.01006	0.259352	28.3732	12.651	89.6	12.651	97
208	decode	2.0101	0.260782	28.5286	12.651	94	12.651	97
209	decode	2.01014	0.254908	27.8849	12.651	89.8	12.651	96
210	decode	2.01018	0.259852	28.4247	12.8485	91.5	13.046	96
211	decode	2.01021	0.258115	28.2336	12.888	94	13.046	96
212	decode	2.01025	0.258527	28.2776	12.809	94.4	13.046	96
213	decode	2.01029	0.25992	28.429	12.73	92	13.046	96
214	decode	2.01033	0.260666	28.5094	12.8485	92.5	13.046	97
215	decode	2.01036	0.259837	28.4177	12.967	95	13.046	97
216	decode	2.0104	0.258125	28.2295	12.7497	90.75	13.046	96
217	decode	2.01044	0.258345	28.2524	12.967	94	13.046	96
218	decode	2.01048	0.260267	28.4615	12.9473	92.75	13.046	96
219	decode	2.01051	0.260284	28.4624	13.046	94.6	13.046	97
220	decode	2.01055	0.257967	28.2079	13.046	91.25	13.046	96
221	decode	2.01059	0.260131	28.4435	12.888	95	13.046	97
222	decode	2.01063	0.26049	28.4816	12.9473	91.75	13.046	96
223	decode	2.01066	0.259448	28.3666	13.046	94.2	13.046	97
224	decode	2.0107	0.259222	28.3408	13.046	90.6	13.046	96
225	decode	2.01074	0.259383	28.3574	13.046	89	13.046	96
226	decode	2.01078	0.259017	28.3163	12.967	94.4	13.046	97
227	decode	2.01082	0.259156	28.3305	13.046	93	13.046	96
228	decode	2.01085	0.260136	28.4365	13.046	93.4	13.046	97
229	decode	2.01089	0.260141	28.436	13.046	91.2	13.046	97
230	decode	2.01093	0.253766	27.7381	12.809	90.4	13.046	96
231	decode	2.01097	0.260263	28.4471	12.809	94	13.046	97
232	decode	2.011	0.26063	28.4862	12.651	92.25	12.651	96
233	decode	2.01104	0.259397	28.3504	12.651	93.8	12.651	97
234	decode	2.01108	0.25629	28.0098	12.651	89.6	12.651	97
235	decode	2.01112	0.258933	28.2975	12.651	90.4	12.651	97
236	decode	2.01115	0.26001	28.4142	12.651	92.5	12.651	96
237	decode	2.01119	0.258862	28.2877	12.73	94.8	13.046	97
238	decode	2.01123	0.255063	27.8715	12.809	89	13.046	97
239	decode	2.01127	0.258459	28.2416	12.8485	90	13.046	96
240	decode	2.0113	0.259286	28.3308	12.888	94	13.046	97
241	decode	2.01134	0.258174	28.2083	12.809	90	13.046	97
242	decode	2.01138	0.258611	28.255	12.9473	93.25	13.046	97
243	decode	2.01142	0.256319	28.0035	12.8485	88.5	13.046	96
244	decode	2.01145	0.258637	28.2557	12.809	93.6	13.046	96
245	decode	2.01149	0.259504	28.3493	12.8485	92.25	13.046	96
246	decode	2.01153	0.260851	28.4954	12.967	93.8	13.046	97
247	decode	2.01157	0.260441	28.4496	13.046	89.6	13.046	96
248	decode	2.0116	0.26032	28.4352	13.046	93.5	13.046	97
249	decode	2.01164	0.260347	28.4371	13.046	92.2	13.046	97
250	decode	2.01168	0.259445	28.3375	13.046	92	13.046	96
251	decode	2.01172	0.259107	28.2996	12.967	91.8	13.046	97
252	decode	2.01176	0.260665	28.4686	13.046	90.25	13.046	96
253	decode	2.01179	0.258524	28.2337	13.046	94	13.046	97
254	decode	2.01183	0.259517	28.3411	13.046	92.5	13.046	96
