0	prefill	74.5296	5.7273	409.305	14.6995	96.1818	15.023	98
1	decode	1.00212	0.161083	10.7019	14.628	95.2	14.628	97
2	decode	1.00215	0.158895	10.5562	14.3112	96.2	14.628	97
3	decode	1.00217	0.15891	10.5568	14.232	94.6	14.232	98
4	decode	1.0022	0.158834	10.5514	13.837	92.2	13.837	97
5	decode	1.00223	0.158628	10.5373	13.837	96.3333	13.837	98
6	decode	1.00225	0.158708	10.5423	13.837	94.2	13.837	98
7	decode	1.00228	0.158953	10.5582	13.5078	96.3333	13.837	98
8	decode	1.0023	0.158402	10.5212	13.442	96.3333	13.442	97
9	decode	1.00233	0.157307	10.4481	13.442	92.1667	13.442	97
10	decode	1.00236	0.158074	10.4987	13.442	95.8	13.442	97
11	decode	1.00238	0.158304	10.5136	13.442	95.2	13.442	98
12	decode	1.00241	0.157956	10.4902	13.442	93.6667	13.442	97
13	decode	1.00243	0.159095	10.5654	13.442	94.5	13.442	97
14	decode	1.00246	0.158292	10.5118	13.442	95	13.442	98
15	decode	1.00249	0.158748	10.5416	13.442	92	13.442	97
16	decode	1.00251	0.158848	10.5479	13.376	96.3333	13.442	98
17	decode	1.00254	0.15874	10.5404	13.2044	94	13.442	97
18	decode	1.00257	0.1587	10.5374	13.442	92.5	13.442	97
19	decode	1.00259	0.158219	10.5051	13.2836	93.6	13.442	97
20	decode	1.00262	0.160788	10.6752	13.244	96	13.442	97
21	decode	1.00264	0.158776	10.5413	13.1252	94.4	13.442	97
22	decode	1.00267	0.158613	10.5301	13.245	94.8333	13.442	98
23	decode	1.0027	0.158112	10.4965	13.2836	94	13.442	97
24	decode	1.00272	0.158086	10.4944	13.3787	96.3333	13.447	98
25	decode	1.00275	0.159612	10.5954	13.2056	93.6	13.442	97
26	decode	1.00277	0.159576	10.5926	13.2044	95.6	13.442	97
27	decode	1.0028	0.160375	10.6453	13.178	94.8333	13.442	97
28	decode	1.00283	0.156977	10.4193	13.046	92.4	13.046	98
29	decode	1.00285	0.157721	10.4684	13.046	95.6667	13.046	98
30	decode	1.00288	0.158731	10.535	13.178	94.1667	13.442	98
31	decode	1.00291	0.158435	10.515	13.1252	95.4	13.442	97
32	decode	1.00293	0.157951	10.4825	13.244	95.5	13.442	97
33	decode	1.00296	0.158598	10.5251	13.2836	94.8	13.442	98
34	decode	1.00298	0.159011	10.5522	13.112	96	13.442	98
35	decode	1.00301	0.159695	10.5972	13.1252	94.4	13.442	97
36	decode	1.00304	0.159025	10.5523	13.178	94.3333	13.442	97
37	decode	1.00306	0.158085	10.4896	13.2836	95	13.442	97
38	decode	1.00309	0.159753	10.5999	13.442	95.4	13.442	97
39	decode	1.00311	0.157401	10.4435	13.442	92	13.442	97
40	decode	1.00314	0.159647	10.5921	13.442	96.2	13.442	97
41	decode	1.00317	0.158783	10.5345	13.442	95.1667	13.442	98
42	decode	1.00319	0.158517	10.5165	13.2836	95.8	13.442	98
43	decode	1.00322	0.159502	10.5814	13.244	95.8333	13.442	98
44	decode	1.00325	0.158024	10.483	13.445	95.6	13.447	97
45	decode	1.00327	0.158427	10.5093	13.0508	93	13.052	98
46	decode	1.0033	0.158502	10.514	13.052	94.5	13.052	97
47	decode	1.00332	0.15889	10.5393	13.046	94.5	13.046	97
48	decode	1.00335	0.156325	10.3688	13.046	94.8	13.046	97
49	decode	1.00338	0.157714	10.4606	13.179	93	13.442	97
50	decode	1.0034	0.157478	10.4446	13.244	93.3333	13.442	98
51	decode	1.00343	0.157977	10.4773	13.442	95.4	13.442	98
52	decode	1.00345	0.15713	10.4208	13.442	92.8333	13.442	97
53	decode	1.00348	0.158143	10.4876	13.442	93	13.442	97
54	decode	1.00351	0.158503	10.5111	13.442	95.5	13.442	97
55	decode	1.00353	0.158259	10.4946	13.442	95	13.442	98
56	decode	1.00356	0.159048	10.5465	13.442	96.2	13.442	97
57	decode	1.00358	0.158126	10.485	13.442	93.8333	13.442	97
58	decode	1.00361	0.157325	10.4316	13.6395	94.1667	13.837	98
59	decode	1.00364	0.158021	10.4773	13.837	94.6	13.837	97
60	decode	1.00366	0.158617	10.5164	13.837	95.6667	13.837	97
61	decode	1.00369	0.157576	10.4471	13.837	92	13.837	97
62	decode	1.00372	0.157605	10.4486	13.837	91.8333	13.837	97
63	decode	1.00374	0.158097	10.4809	13.842	95.3333	13.843	98
64	decode	1.00377	0.159292	10.5597	13.8418	96.2	13.843	97
65	decode	1.00379	0.157958	10.471	13.843	92.4	13.843	97
66	decode	1.00382	0.156827	10.3956	13.842	95.5	13.843	98
67	decode	1.00385	0.158662	10.5169	13.837	95	13.837	97
68	decode	1.00387	0.157136	10.4154	13.837	95.6667	13.837	97
69	decode	1.0039	0.157984	10.4713	13.837	93.3333	13.837	97
70	decode	1.00392	0.156909	10.3996	13.837	95.4	13.837	98
71	decode	1.00395	0.157813	10.4592	13.837	93.2	13.837	97
72	decode	1.00398	0.158165	10.4821	13.837	95	13.837	97
73	decode	1.004	0.159035	10.5394	13.837	95.6	13.837	97
74	decode	1.00403	0.157607	10.4444	13.837	95	13.837	97
75	decode	1.00406	0.157094	10.41	13.837	96.1667	13.837	97
76	decode	1.00408	0.159431	10.5646	13.837	95.2	13.837	98
77	decode	1.00411	0.158313	10.4902	13.837	93	13.837	97
78	decode	1.00413	0.156962	10.4003	13.837	94.8	13.837	97
79	decode	1.00416	0.158718	10.5162	13.837	95.8571	13.837	97
80	decode	1.00419	0.157979	10.4669	13.837	95.6	13.837	98
81	decode	1.00421	0.157622	10.4429	13.837	95.6	13.837	97
82	decode	1.00424	0.156634	10.3771	13.837	94.6	13.837	98
83	decode	1.00426	0.157956	10.4643	13.837	96	13.837	98
84	decode	1.00429	0.157608	10.4408	13.837	95.8	13.837	98
85	decode	1.00432	0.158048	10.4696	13.837	95.8	13.837	97
86	decode	1.00434	0.157074	10.4048	13.837	95	13.837	97
87	decode	1.00437	0.159515	10.5661	13.837	93.5	13.837	97
88	decode	1.00439	0.156778	10.3845	13.837	95.2	13.837	98
89	decode	1.00442	0.159004	10.5315	13.837	96	13.837	98
90	decode	1.00445	0.158056	10.4683	13.837	95.2	13.837	97
91	decode	1.00447	0.159253	10.5473	13.837	90.8	13.837	97
92	decode	1.0045	0.158135	10.4729	13.837	95.5	13.837	97
93	decode	1.00453	0.158418	10.4913	13.837	94.8333	13.837	97
94	decode	1.00455	0.159065	10.5337	13.837	95.5	13.837	98
95	decode	1.00458	0.157975	10.4612	13.837	95.6667	13.837	98
96	decode	1.0046	0.158656	10.5059	13.837	94	13.837	97
97	decode	1.00463	0.158428	10.4905	13.837	94	13.837	97
98	decode	1.00466	0.159012	10.5288	13.837	91.6	13.837	97
99	decode	1.00468	0.159561	10.5647	13.837	96	13.837	98
100	decode	1.00471	0.157672	10.4393	13.837	95.2	13.837	98
101	decode	1.00473	0.159071	10.5316	13.837	95.5	13.837	98
102	decode	1.00476	0.158427	10.4886	13.837	95.2	13.837	97
103	decode	1.00479	0.157718	10.4412	13.837	94	13.837	97
104	decode	1.00481	0.157825	10.448	13.837	95.6667	13.837	98
105	decode	1.00484	0.157954	10.4562	13.837	91.8333	13.837	97
106	decode	1.00486	0.158202	10.4722	13.837	95.4	13.837	97
107	decode	1.00489	0.158095	10.4648	13.837	96	13.837	98
108	decode	1.00492	0.157518	10.4262	13.837	95.4	13.837	97
109	decode	1.00494	0.158391	10.4837	13.837	94.8	13.837	97
110	decode	1.00497	0.158155	10.4677	13.837	95	13.837	97
111	decode	1.005	0.157321	10.4121	13.837	95.8	13.837	98
112	decode	1.00502	0.159797	10.5756	13.837	95	13.837	97
113	decode	1.00505	0.156776	10.3753	13.837	95.6667	13.837	97
114	decode	1.00507	0.158517	10.4902	13.837	95.25	13.837	97
115	decode	1.0051	0.15888	10.5138	13.837	95.8333	13.837	98
116	decode	1.00513	0.157679	10.434	13.837	94	13.837	98
117	decode	1.00515	0.158285	10.4737	13.837	95	13.837	97
118	decode	1.00518	0.157313	10.409	13.837	92	13.837	97
119	decode	1.0052	0.159217	10.5346	13.837	95	13.837	97
120	decode	1.00523	0.158664	10.4977	13.837	95.3333	13.837	98
121	decode	1.00526	0.157116	10.3949	13.837	93.6667	13.837	97
122	decode	1.00528	0.15763	10.4286	13.837	96.2	13.837	98
123	decode	1.00531	0.158232	10.468	13.837	95.3333	13.837	98
124	decode	1.00533	0.157682	10.4313	13.837	93.6667	13.837	97
125	decode	1.00536	0.158103	10.4588	13.837	95	13.837	97
126	decode	1.00539	0.157024	10.387	13.837	94.5	13.837	98
127	decode	1.00541	0.158062	10.4553	13.837	95.2	13.837	97
128	decode	1.00544	0.159664	10.5609	13.837	95.4	13.837	97
129	decode	1.00547	0.157542	10.4202	13.837	94.8	13.837	97
130	decode	1.00549	0.158775	10.5014	13.837	95.8333	13.837	98
131	decode	1.00552	0.15967	10.5602	13.837	95.5	13.837	97
132	decode	1.00554	0.157853	10.4397	13.837	95.5	13.837	97
133	decode	1.00557	0.157743	10.4321	13.837	91.6667	13.837	97
134	decode	1.0056	0.16002	10.5823	13.837	91.2	13.837	97
135	decode	1.00562	0.159097	10.5209	13.837	96.6	13.837	98
136	decode	1.00565	0.158527	10.4828	13.837	95.6667	13.837	97
137	decode	1.00567	0.158192	10.4603	13.837	94.6	13.837	98
138	decode	1.0057	0.158939	10.5093	13.837	95.6667	13.837	97
139	decode	1.00573	0.158477	10.4784	13.837	92.2	13.837	97
140	decode	1.00575	0.158283	10.4652	13.837	93.8333	13.837	98
141	decode	1.00578	0.158289	10.4652	13.837	96	13.837	97
142	decode	1.0058	0.159917	10.5725	13.837	95.8	13.837	98
143	decode	1.00583	0.158778	10.4968	13.837	94.6	13.837	97
144	decode	1.00586	0.157307	10.3992	13.837	95.6667	13.837	97
145	decode	1.00588	0.15707	10.3832	13.837	95.6667	13.837	97
146	decode	1.00591	0.159717	10.5578	13.837	93.3333	13.837	97
147	decode	1.00594	0.156727	10.3599	13.837	94.8	13.837	98
148	decode	1.00596	0.159147	10.5194	13.837	95.8571	13.837	97
149	decode	1.00599	0.158503	10.4765	13.837	95.2	13.837	97
150	decode	1.00601	0.158185	10.4551	13.837	92.8333	13.837	97
151	decode	1.00604	0.158399	10.4689	13.837	94.5	13.837	97
152	decode	1.00607	0.157721	10.4237	13.837	95.2	13.837	98
153	decode	1.00609	0.158449	10.4715	13.837	92.1667	13.837	97
154	decode	1.00612	0.159148	10.5173	13.837	95.2	13.837	97
155	decode	1.00614	0.158715	10.4883	13.837	92.3333	13.837	97
156	decode	1.00617	0.157453	10.4046	13.837	96.25	13.837	98
157	decode	1.0062	0.157908	10.4343	13.837	94.2	13.837	97
158	decode	1.00622	0.158257	10.457	13.837	95	13.837	97
159	decode	1.00625	0.158069	10.4442	13.837	93.6667	13.837	97
160	decode	1.00627	0.158384	10.4646	13.837	95.25	13.837	98
161	decode	1.0063	0.158312	10.4596	13.837	96	13.837	98
162	decode	1.00633	0.158995	10.5043	13.837	95.2	13.837	97
163	decode	1.00635	0.158084	10.4437	13.837	94.6	13.837	97
164	decode	1.00638	0.15815	10.4478	13.837	96	13.837	98
165	decode	1.0064	0.159009	10.5041	13.837	93.8333	13.837	98
166	decode	1.00643	0.157154	10.3813	13.837	94.4	13.837	98
167	decode	1.00646	0.157472	10.4019	13.837	95.3333	13.837	97
168	decode	1.00648	0.158782	10.488	13.837	95.4	13.837	98
169	decode	1.00651	0.157551	10.4064	13.837	94.6	13.837	97
170	decode	1.00654	0.15737	10.394	13.837	96.1667	13.837	98
171	decode	1.00656	0.158963	10.4989	13.837	95.25	13.837	97
172	decode	1.00659	0.156799	10.3556	13.837	94.8333	13.837	98
173	decode	1.00661	0.157587	10.4073	13.837	95.4	13.837	97
174	decode	1.00664	0.160683	10.6114	13.837	96.1667	13.837	98
175	decode	1.00667	0.157701	10.4141	13.837	95.2	13.837	97
176	decode	1.00669	0.158572	10.4713	13.837	92.5	13.837	97
177	decode	1.00672	0.155829	10.2898	13.837	94.2	13.837	97
178	decode	1.00674	0.158474	10.4641	13.837	95.8333	13.837	98
179	decode	1.00677	0.15816	10.443	13.837	96.2	13.837	98
180	decode	1.0068	0.157362	10.3899	13.837	94.8	13.837	98
181	decode	1.00682	0.158712	10.4787	13.837	95.5	13.837	98
182	decode	1.00685	0.156926	10.3604	13.837	95.8	13.837	98
183	decode	1.00687	0.158106	10.438	13.837	95.8333	13.837	98
184	decode	1.0069	0.158001	10.4307	13.837	95.5	13.837	97
185	decode	1.00693	0.156837	10.3535	13.837	95.4	13.837	98
186	decode	1.00695	0.158287	10.4488	13.837	95.8333	13.837	98
187	decode	1.00698	0.157602	10.4032	13.837	93	13.837	97
188	decode	1.007	0.158442	10.4584	13.837	95.2	13.837	97
189	decode	1.00703	0.159073	10.4996	13.837	95.6667	13.837	97
190	decode	1.00706	0.159613	10.5349	13.837	95.8333	13.837	97
191	decode	1.00708	0.157391	10.3879	13.837	95	13.837	97
192	decode	1.00711	0.158887	10.4863	13.837	95.5	13.837	97
193	decode	1.00714	0.158689	10.4729	13.837	96	13.837	98
194	decode	1.00716	0.158989	10.4922	13.837	94.1667	13.837	97
195	decode	1.00719	0.158527	10.4614	13.837	95.4	13.837	97
196	decode	1.00721	0.158603	10.4661	13.837	92.6	13.837	97
197	decode	1.00724	0.159118	10.4997	13.837	95.8333	13.837	98
198	decode	1.00727	0.15685	10.3497	13.837	92.2	13.837	97
199	decode	1.00729	0.15762	10.4001	13.837	94.8333	13.837	98
200	decode	1.00732	0.157825	10.4133	13.837	95.2	13.837	98
201	decode	1.00734	0.159478	10.522	13.837	95.5	13.837	97
202	decode	1.00737	0.158156	10.4344	13.837	95.5	13.837	97
203	decode	1.0074	0.156952	10.3546	13.837	96	13.837	97
204	decode	1.00742	0.158088	10.4292	13.837	92	13.837	97
205	decode	1.00745	0.159669	10.5331	13.837	94.4	13.837	97
206	decode	1.00747	0.159159	10.4991	13.837	95.5	13.837	98
207	decode	1.0075	0.158249	10.4387	13.837	94.3333	13.837	98
208	decode	1.00753	0.158593	10.461	13.837	95.6	13.837	98
209	decode	1.00755	0.158174	10.4331	13.837	95.5	13.837	98
210	decode	1.00758	0.157632	10.397	13.837	93.8333	13.837	97
211	decode	1.0076	0.159729	10.5349	13.837	95.2	13.837	97
212	decode	1.00763	0.158078	10.4256	13.837	94.8333	13.837	97
213	decode	1.00766	0.160139	10.5612	13.837	94.1667	13.837	98
214	decode	1.00768	0.15939	10.5114	13.837	95.6	13.837	97
215	decode	1.00771	0.158941	10.4815	13.837	94.8333	13.837	97
216	decode	1.00773	0.158333	10.441	13.837	95.4	13.837	97
217	decode	1.00776	0.158198	10.4317	13.837	91.5	13.837	97
218	decode	1.00779	0.158181	10.4303	13.837	94	13.837	97
219	decode	1.00781	0.158546	10.454	13.837	96.1667	13.837	97
220	decode	1.00784	0.158197	10.4306	13.837	95.8	13.837	98
221	decode	1.00786	0.157779	10.4027	13.837	96	13.837	97
222	decode	1.00789	0.158775	10.468	13.837	95.2	13.837	97
223	decode	1.00792	0.159248	10.4988	13.837	91.6667	13.837	97
224	decode	1.00794	0.158828	10.4708	13.916	95.2	14.232	97
225	decode	1.00797	0.15804	10.4185	13.916	93.6	14.232	97
226	decode	1.008	0.158765	10.4659	13.9196	95.4	14.238	98
227	decode	1.00802	0.157855	10.4056	13.843	94.8333	13.843	97
228	decode	1.00805	0.157291	10.368	13.8418	96.6	13.843	98
229	decode	1.00807	0.1586	10.4539	13.837	95	13.837	97
230	decode	1.0081	0.158365	10.4381	13.837	93.5	13.837	98
231	decode	1.00813	0.158976	10.478	13.9687	96	14.232	98
232	decode	1.00815	0.159239	10.4949	13.837	93	13.837	97
233	decode	1.00818	0.158158	10.4234	13.837	96.25	13.837	98
234	decode	1.0082	0.15819	10.4251	13.837	95	13.837	98
235	decode	1.00823	0.158617	10.4529	13.837	95.5	13.837	98
236	decode	1.00826	0.157395	10.372	13.837	94.8	13.837	98
237	decode	1.00828	0.158133	10.4203	13.837	95.6	13.837	97
238	decode	1.00831	0.158044	10.414	13.837	95.6667	13.837	97
239	decode	1.00833	0.157948	10.4074	13.837	95.5	13.837	97
240	decode	1.00836	0.158413	10.4377	13.837	92.3333	13.837	98
241	decode	1.00839	0.157451	10.3739	13.837	95.6	13.837	97
242	decode	1.00841	0.159257	10.4925	13.837	94.3333	13.837	97
243	decode	1.00844	0.159985	10.5401	13.837	95	13.837	97
244	decode	1.00846	0.158005	10.4093	13.837	95	13.837	97
245	decode	1.00849	0.158885	10.4669	13.837	95.4	13.837	97
246	decode	1.00852	0.159514	10.508	13.916	94.4	14.232	97
247	decode	1.00854	0.157848	10.3979	13.9687	95.6667	14.232	97
248	decode	1.00857	0.157894	10.4006	13.9028	95.8333	14.232	98
249	decode	1.00859	0.157442	10.3704	13.837	95.2	13.837	97
250	decode	1.00862	0.161081	10.6097	13.837	95.6667	13.837	97
251	decode	1.00865	0.15854	10.442	13.837	94.8	13.837	97
252	decode	1.00867	0.157705	10.3867	13.837	95.5	13.837	98
253	decode	1.0087	0.159437	10.5004	13.9028	95.8333	14.232	97
254	decode	1.00872	0.157889	10.3981	13.837	95	13.837	98
