0	prefill	2334.43	57.8472	4134.08	35.1459	94.225	46.614	98
1	decode	31.3802	4.66247	309.762	35.9629	95.7143	38.334	97
2	decode	31.3728	4.66172	309.701	31.5366	91.8	32.801	98
3	decode	31.3653	4.67581	310.627	27.8329	96	29.244	98
4	decode	31.3578	4.68298	311.092	25.0948	94.8333	26.083	98
5	decode	31.3503	4.69108	311.619	22.8494	96	23.326	97
6	decode	31.3429	4.68251	311.039	21.236	94.2857	21.744	97
7	decode	31.3354	4.69016	311.536	19.8468	95.4	20.163	98
8	decode	31.328	4.67087	310.244	18.8637	95.7143	19.372	97
9	decode	31.3205	4.68636	311.263	18.0543	94.1667	18.186	97
10	decode	31.3131	4.66907	310.103	17.461	91	17.791	98
11	decode	31.3056	4.66434	309.778	17	92.1667	17	97
12	decode	31.2982	4.68301	311.007	16.605	94.2857	16.605	97
13	decode	31.2908	4.67345	310.361	16.209	93.1667	16.209	98
14	decode	31.2833	4.65994	309.454	16.0397	95.4286	16.209	97
15	decode	31.2759	4.64669	308.563	15.814	94.8	15.814	97
16	decode	31.2685	4.66618	309.847	15.814	96.1429	15.814	98
17	decode	31.2611	4.65229	308.913	15.419	96	15.419	97
18	decode	31.2536	4.66547	309.778	15.419	93.5	15.419	97
19	decode	31.2462	4.68781	311.25	15.419	91	15.419	97
20	decode	31.2388	4.69475	311.7	15.419	95.4286	15.419	97
21	decode	31.2314	4.6473	308.539	15.419	95	15.419	97
22	decode	31.224	4.64468	308.354	15.419	94.8333	15.419	97
23	decode	31.2166	4.64348	308.264	15.419	95	15.419	98
24	decode	31.2092	4.65509	309.024	15.419	94.6	15.419	97
25	decode	31.2018	4.65435	308.964	15.3624	95.4286	15.419	98
26	decode	31.1945	4.66539	309.686	15.155	95	15.419	97
27	decode	31.1871	4.67116	310.058	15.1814	95	15.419	97
28	decode	31.1797	4.66641	309.732	15.2493	95.7143	15.419	97
29	decode	31.1723	4.66074	309.346	15.155	95.1667	15.419	97
30	decode	31.165	4.65712	309.095	15.155	94	15.419	97
31	decode	31.1576	4.67099	310.004	15.155	93.1667	15.419	97
32	decode	31.1503	4.64821	308.481	15.1022	94.6	15.419	97
33	decode	31.1429	4.67514	310.258	15.1022	95.2	15.419	97
34	decode	31.1355	4.65366	308.822	15.1022	96	15.419	98
35	decode	31.1282	4.65139	308.66	15.023	92.3333	15.023	97
36	decode	31.1209	4.66333	309.442	15.023	91	15.023	97
37	decode	31.1135	4.66453	309.51	15.089	92	15.419	98
38	decode	31.1062	4.6442	308.151	15.023	90.6667	15.023	97
39	decode	31.0989	4.65591	308.917	15.1361	93	15.419	98
40	decode	31.0915	4.65314	308.723	15.155	94	15.419	97
41	decode	31.0842	4.64899	308.436	15.089	93	15.419	97
42	decode	31.0769	4.66384	309.411	15.1361	92.7143	15.419	97
43	decode	31.0696	4.6674	309.637	15.089	95.3333	15.419	97
44	decode	31.0623	4.63881	307.729	15.089	90.8333	15.419	97
45	decode	31.0549	4.63577	307.517	15.089	96.1667	15.419	98
46	decode	31.0476	4.65423	308.731	15.023	95.6667	15.023	97
47	decode	31.0403	4.63982	307.764	15.023	95.8333	15.023	98
48	decode	31.0331	4.61855	306.343	15.023	94.8333	15.023	97
49	decode	31.0258	4.63332	307.311	15.089	92.5	15.419	98
50	decode	31.0185	4.6292	307.027	15.155	95.1667	15.419	97
51	decode	31.0112	4.6297	307.05	15.089	94.1667	15.419	97
52	decode	31.0039	4.62842	306.955	15.0796	93.4286	15.419	98
53	decode	30.9966	4.63834	307.601	15.155	95.1667	15.419	97
54	decode	30.9894	4.64682	308.154	15.353	95.6667	15.419	98
55	decode	30.9821	4.63322	307.241	15.419	93	15.419	98
56	decode	30.9748	4.64044	307.709	15.419	95	15.419	97
57	decode	30.9676	4.63775	307.52	15.419	91	15.419	97
58	decode	30.9603	4.63504	307.329	15.419	95.3333	15.419	97
59	decode	30.9531	4.60826	305.543	15.419	95.1667	15.419	97
60	decode	30.9458	4.62076	306.361	15.419	93	15.419	97
61	decode	30.9386	4.63317	307.173	15.419	93.8333	15.419	97
62	decode	30.9313	4.63319	307.164	15.419	95.6667	15.419	97
63	decode	30.9241	4.646	308.003	15.419	92.3333	15.419	97
64	decode	30.9169	4.61825	306.152	15.419	95	15.419	98
65	decode	30.9096	4.6418	307.703	15.419	92.6667	15.419	97
66	decode	30.9024	4.62497	306.576	15.419	95.5	15.419	97
67	decode	30.8952	4.60871	305.488	15.419	95.6667	15.419	98
68	decode	30.888	4.63961	307.526	15.419	92.3333	15.419	97
69	decode	30.8808	4.63703	307.344	15.419	95.8571	15.419	98
70	decode	30.8735	4.64577	307.912	15.5507	96	15.814	98
71	decode	30.8663	4.6305	306.89	15.4848	95.1667	15.814	98
72	decode	30.8591	4.61809	306.056	15.6447	95.2857	15.814	97
73	decode	30.8519	4.63148	306.933	15.5507	94.8333	15.814	97
74	decode	30.8447	4.62431	306.448	15.5507	95.5	15.814	97
75	decode	30.8376	4.6023	304.978	15.4848	94.1667	15.814	97
76	decode	30.8304	4.61787	305.999	15.4754	91.7143	15.814	98
77	decode	30.8232	4.63258	306.964	15.4848	94.5	15.814	97
78	decode	30.816	4.62838	306.674	15.5319	94.4286	15.814	97
79	decode	30.8088	4.64451	307.732	15.577	95.4	15.814	97
80	decode	30.8017	4.60002	304.775	15.6447	95.2857	15.814	98
81	decode	30.7945	4.62895	306.68	15.5507	96.1667	15.814	98
82	decode	30.7873	4.62909	306.679	15.5507	95	15.814	97
83	decode	30.7802	4.61775	305.917	15.5319	93.2857	15.814	98
84	decode	30.773	4.62954	306.687	15.6823	95	15.814	97
85	decode	30.7659	4.62167	306.156	15.6165	91.5	15.814	98
86	decode	30.7587	4.61547	305.734	15.7011	95.7143	15.814	98
87	decode	30.7516	4.62748	306.519	15.6823	94.8333	15.814	98
88	decode	30.7444	4.61517	305.693	15.6823	94	15.814	97
89	decode	30.7373	4.61103	305.409	15.7482	92.8333	15.814	97
90	decode	30.7302	4.62026	306.009	15.814	95.3333	15.814	97
91	decode	30.723	4.61374	305.566	15.814	94.1667	15.814	97
92	decode	30.7159	4.60971	305.289	15.814	95	15.814	97
93	decode	30.7088	4.62379	306.211	15.814	95.3333	15.814	97
94	decode	30.7017	4.61611	305.692	15.814	94.6667	15.814	97
95	decode	30.6946	4.63152	306.702	15.814	91.1667	15.814	97
96	decode	30.6874	4.58219	303.424	15.814	92.4286	15.814	97
97	decode	30.6803	4.60822	305.137	15.814	95.1667	15.814	97
98	decode	30.6732	4.62766	306.414	15.814	92	15.814	97
99	decode	30.6661	4.62559	306.266	15.814	95.7143	15.814	97
100	decode	30.659	4.61712	305.695	15.814	94.3333	15.814	97
101	decode	30.6519	4.60345	304.779	15.7482	91.1667	15.814	98
102	decode	30.6449	4.59106	303.948	15.7576	92.4286	15.814	97
103	decode	30.6378	4.60882	305.113	15.814	95.5	15.814	97
104	decode	30.6307	4.60507	304.855	15.814	93.2857	15.814	97
105	decode	30.6236	4.60016	304.519	15.7482	95	15.814	97
106	decode	30.6165	4.60407	304.767	15.814	90.8333	15.814	97
107	decode	30.6095	4.59741	304.316	15.814	91.7143	15.814	97
108	decode	30.6024	4.59264	303.99	15.5507	95.6667	15.814	97
109	decode	30.5954	4.622	305.922	15.6823	94.3333	15.814	97
110	decode	30.5883	4.59795	304.32	15.6823	96	15.814	98
111	decode	30.5812	4.61195	305.236	15.6447	95.8571	15.814	98
112	decode	30.5742	4.59212	303.913	15.4848	92.3333	15.814	97
113	decode	30.5671	4.59679	304.212	15.5319	92.8571	15.814	97
114	decode	30.5601	4.60606	304.814	15.6165	95	15.814	97
115	decode	30.5531	4.60414	304.677	15.6447	94.2857	15.814	98
116	decode	30.546	4.61102	305.122	15.7482	96.1667	15.814	97
117	decode	30.539	4.61876	305.623	15.6823	94.1667	15.814	97
118	decode	30.532	4.60847	304.931	15.5507	93.1667	15.814	97
119	decode	30.525	4.58165	303.146	15.6165	95	15.814	97
120	decode	30.5179	4.59199	303.82	15.5507	95.5	15.814	97
121	decode	30.5109	4.59743	304.17	15.5507	95.5	15.814	97
122	decode	30.5039	4.58629	303.422	15.6823	95.1667	15.814	97
123	decode	30.4969	4.60336	304.541	15.814	95.1667	15.814	97
124	decode	30.4899	4.60059	304.347	15.814	93.8333	15.814	97
125	decode	30.4829	4.62822	306.164	15.814	92.3333	15.814	97
126	decode	30.4759	4.61031	304.969	15.814	96	15.814	97
127	decode	30.4689	4.59956	304.247	15.814	95.1667	15.814	97
128	decode	30.4619	4.5948	303.922	15.7482	92.3333	15.814	97
129	decode	30.4549	4.59232	303.747	15.814	95.8571	15.814	98
130	decode	30.4479	4.56446	301.894	15.814	94.8333	15.814	98
131	decode	30.441	4.60798	304.762	15.7482	95	15.814	97
132	decode	30.434	4.59866	304.135	15.814	94	15.814	97
133	decode	30.427	4.57332	302.448	15.814	95.1667	15.814	97
134	decode	30.42	4.58649	303.309	15.814	94.1667	15.814	97
135	decode	30.4131	4.5943	303.815	15.814	95.8333	15.814	97
136	decode	30.4061	4.57733	302.682	15.814	92.6667	15.814	97
137	decode	30.3992	4.5822	302.994	15.814	93.1429	15.814	98
138	decode	30.3922	4.59212	303.639	15.814	96	15.814	98
139	decode	30.3853	4.57056	302.203	15.814	95	15.814	98
140	decode	30.3783	4.60546	304.5	15.814	92.7143	15.814	98
141	decode	30.3714	4.57931	302.761	15.814	94.6667	15.814	98
142	decode	30.3644	4.58883	303.379	15.814	95.5	15.814	97
143	decode	30.3575	4.59727	303.927	15.814	94.6	15.814	97
144	decode	30.3506	4.57701	302.577	15.7482	95.1667	15.814	97
145	decode	30.3436	4.58282	302.951	15.7482	94.1667	15.814	97
146	decode	30.3367	4.58561	303.125	15.7576	93.1429	15.814	97
147	decode	30.3298	4.60415	304.339	15.814	95	15.814	97
148	decode	30.3229	4.57924	302.682	15.814	95.4286	15.814	97
149	decode	30.316	4.58309	302.927	15.814	93.8333	15.814	98
150	decode	30.309	4.58089	302.771	15.814	95.1667	15.814	97
151	decode	30.3021	4.59233	303.516	15.814	92.1429	15.814	97
152	decode	30.2952	4.56907	301.968	15.814	95.8	15.814	97
153	decode	30.2883	4.56152	301.459	15.814	95.5714	15.814	97
154	decode	30.2814	4.58334	302.891	15.814	94.8333	15.814	97
155	decode	30.2746	4.56936	301.956	15.814	91.3333	15.814	97
156	decode	30.2677	4.58383	302.902	15.814	94.8571	15.814	97
157	decode	30.2608	4.56101	301.383	15.7482	94	15.814	97
158	decode	30.2539	4.58128	302.712	15.814	93.7143	15.814	97
159	decode	30.247	4.57931	302.572	15.814	95.1667	15.814	97
160	decode	30.2401	4.55924	301.235	15.814	92.8333	15.814	98
161	decode	30.2333	4.57993	302.592	15.814	92.3333	15.814	97
162	decode	30.2264	4.58433	302.872	15.814	95.7143	15.814	98
163	decode	30.2195	4.58852	303.138	15.814	94.1667	15.814	97
164	decode	30.2127	4.58907	303.164	15.7576	93.2857	15.814	97
165	decode	30.2058	4.58138	302.646	15.6823	94.3333	15.814	97
166	decode	30.199	4.58012	302.552	15.5507	92.8333	15.814	97
167	decode	30.1921	4.56896	301.804	15.5319	92	15.814	97
168	decode	30.1853	4.59341	303.409	15.6165	95.8333	15.814	97
169	decode	30.1784	4.59797	303.7	15.735	95.2	15.814	97
170	decode	30.1716	4.55787	301.04	15.5883	95.7143	15.814	98
171	decode	30.1648	4.58923	303.101	15.5507	95.6667	15.814	97
172	decode	30.1579	4.57567	302.196	15.6165	94.8333	15.814	97
173	decode	30.1511	4.56842	301.706	15.6447	91.8571	15.814	97
174	decode	30.1443	4.54974	300.462	15.814	95.1667	15.814	97
175	decode	30.1375	4.57307	301.992	15.7576	93.2857	15.814	98
176	decode	30.1307	4.56958	301.751	15.7482	94.3333	15.814	97
177	decode	30.1238	4.57164	301.877	15.814	93.8571	15.814	98
178	decode	30.117	4.55999	301.097	15.814	92.4286	15.814	98
179	decode	30.1102	4.57207	301.884	15.814	95	15.814	97
180	decode	30.1034	4.56682	301.527	15.814	95.5714	15.814	97
181	decode	30.0966	4.55946	301.031	15.814	93.2857	15.814	97
182	decode	30.0898	4.57089	301.775	15.814	95.3333	15.814	98
183	decode	30.083	4.56684	301.497	15.814	95.2857	15.814	97
184	decode	30.0763	4.56772	301.545	15.814	93.5	15.814	97
185	decode	30.0695	4.55606	300.765	15.814	95.7143	15.814	97
186	decode	30.0627	4.56711	301.484	15.8704	92.8571	16.209	97
187	decode	30.0559	4.55914	300.947	15.8798	96	16.209	97
188	decode	30.0491	4.57544	302.013	15.814	92.8571	15.814	97
189	decode	30.0424	4.57956	302.274	15.814	92.8333	15.814	97
190	decode	30.0356	4.58346	302.521	15.814	95.6667	15.814	97
191	decode	30.0288	4.57087	301.68	15.9457	93	16.209	97
192	decode	30.0221	4.56135	301.041	15.9833	93	16.209	97
193	decode	30.0153	4.56186	301.064	15.9833	93.1429	16.209	97
194	decode	30.0086	4.56949	301.558	16.1432	95.1667	16.209	97
195	decode	30.0018	4.54843	300.157	16.209	95	16.209	97
196	decode	29.9951	4.53459	299.233	16.209	95.3333	16.209	98
197	decode	29.9883	4.56742	301.389	16.1432	92.5	16.209	98
198	decode	29.9816	4.54899	300.163	16.1432	95.1667	16.209	97
199	decode	29.9749	4.56227	301.029	16.0115	95.5	16.209	97
200	decode	29.9681	4.55526	300.556	16.0773	93.3333	16.209	97
201	decode	29.9614	4.55376	300.446	16.209	95.3333	16.209	98
202	decode	29.9547	4.57682	301.957	16.209	95.4286	16.209	97
203	decode	29.9479	4.55602	300.575	16.209	94.1667	16.209	97
204	decode	29.9412	4.54419	299.784	16.209	95	16.209	97
205	decode	29.9345	4.54459	299.8	16.209	93.4286	16.209	98
206	decode	29.9278	4.53952	299.455	16.209	96	16.209	97
207	decode	29.9211	4.53929	299.43	16.209	95.5	16.209	98
208	decode	29.9144	4.55238	300.283	16.1526	91.5714	16.209	97
209	decode	29.9077	4.55252	300.281	16.209	92.8571	16.209	97
210	decode	29.901	4.5445	299.742	16.209	92.6667	16.209	97
211	decode	29.8943	4.5788	301.994	16.209	96.3333	16.209	98
212	decode	29.8876	4.54469	299.734	16.209	92.1429	16.209	97
213	decode	29.8809	4.54831	299.963	16.209	93.2857	16.209	97
214	decode	29.8742	4.54224	299.552	16.209	92.1429	16.209	97
215	decode	29.8676	4.53305	298.936	16.209	93.5714	16.209	98
216	decode	29.8609	4.55309	300.247	16.209	95.7143	16.209	98
217	decode	29.8542	4.51322	297.607	16.209	93.8571	16.209	98
218	decode	29.8475	4.55467	300.33	16.209	95.1667	16.209	97
219	decode	29.8409	4.55751	300.507	16.209	96	16.209	98
220	decode	29.8342	4.55789	300.521	16.209	94.8333	16.209	98
221	decode	29.8276	4.56487	300.972	16.209	93.4286	16.209	98
222	decode	29.8209	4.53105	298.731	16.209	92.7143	16.209	97
223	decode	29.8142	4.56213	300.77	16.209	95.8333	16.209	98
224	decode	29.8076	4.52236	298.138	16.209	93.1429	16.209	98
225	decode	29.801	4.54902	299.885	16.209	93.5714	16.209	97
226	decode	29.7943	4.55951	300.566	16.209	93.7143	16.209	97
227	decode	29.7877	4.55567	300.302	16.209	93.1429	16.209	97
228	decode	29.781	4.55711	300.387	16.209	95	16.209	97
229	decode	29.7744	4.5498	299.895	16.209	92.2857	16.209	97
230	decode	29.7678	4.55339	300.121	16.209	93.5714	16.209	97
231	decode	29.7612	4.53048	298.601	16.209	94.8333	16.209	97
232	decode	29.7545	4.56736	301.021	16.209	92.3333	16.209	97
233	decode	29.7479	4.53402	298.813	16.209	95.1667	16.209	97
234	decode	29.7413	4.54521	299.541	16.209	92.7143	16.209	97
235	decode	29.7347	4.52757	298.368	16.209	92.8333	16.209	97
236	decode	29.7281	4.54871	299.751	16.209	96	16.209	98
237	decode	29.7215	4.53115	298.583	16.209	93.4286	16.209	98
238	decode	29.7149	4.52564	298.209	16.209	93.7143	16.209	97
239	decode	29.7083	4.54952	299.773	16.209	93	16.209	97
240	decode	29.7017	4.52072	297.865	16.209	92.4286	16.209	98
241	decode	29.6951	4.53695	298.924	16.209	95.8333	16.209	98
242	decode	29.6885	4.53477	298.77	16.209	95.8571	16.209	97
243	decode	29.6819	4.53905	299.042	16.209	95.5	16.209	98
244	decode	29.6753	4.55308	299.955	16.209	95.8571	16.209	98
245	decode	29.6688	4.53543	298.782	16.209	92.5	16.209	97
246	decode	29.6622	4.53707	298.88	16.209	93.7143	16.209	97
247	decode	29.6556	4.52907	298.343	16.209	91.7143	16.209	97
248	decode	29.649	4.55718	300.184	16.209	96.1667	16.209	98
249	decode	29.6425	4.56109	300.431	16.209	95.6667	16.209	97
250	decode	29.6359	4.55079	299.742	16.209	95	16.209	98
251	decode	29.6294	4.54249	299.185	16.209	93.5714	16.209	97
252	decode	29.6228	4.51139	297.127	16.209	93.1429	16.209	97
253	decode	29.6163	4.55228	299.809	16.209	95.3333	16.209	97
254	decode	29.6097	4.50914	296.958	16.209	93	16.209	97
