0	prefill	107.258	7.28959	557.265	14.6938	91	15.419	98
1	decode	2.00239	0.287508	20.2981	14.7597	94.5	15.023	97
2	decode	2.00243	0.28475	20.1029	14.3904	94.6	14.628	98
3	decode	2.00247	0.283368	20.0048	14.232	96.3333	14.232	98
4	decode	2.00251	0.284007	20.0493	13.837	91.6667	13.837	97
5	decode	2.00255	0.284269	20.0672	13.837	95.8333	13.837	98
6	decode	2.00259	0.283964	20.0451	13.7712	96	13.837	98
7	decode	2.00263	0.284441	20.0782	13.442	95.8333	13.442	97
8	decode	2.00268	0.28352	20.0126	13.442	92.8333	13.442	97
9	decode	2.00272	0.285018	20.1178	13.442	94.5	13.442	98
10	decode	2.00276	0.28364	20.02	13.442	94.8333	13.442	97
11	decode	2.0028	0.283626	20.0184	13.442	95.1667	13.442	97
12	decode	2.00284	0.283576	20.0143	13.442	95.2	13.442	97
13	decode	2.00288	0.283785	20.0285	13.376	96.5	13.442	98
14	decode	2.00292	0.284021	20.0446	13.046	95.3333	13.046	98
15	decode	2.00296	0.284047	20.0458	13.046	95.2	13.046	97
16	decode	2.003	0.284328	20.0651	13.112	96.1667	13.442	97
17	decode	2.00304	0.283773	20.0254	13.112	94	13.442	97
18	decode	2.00308	0.283629	20.0147	13.046	96.2	13.046	97
19	decode	2.00312	0.285	20.1108	13.046	95	13.046	98
20	decode	2.00316	0.283937	20.0353	13.046	95.2	13.046	98
21	decode	2.0032	0.28441	20.0681	13.046	96	13.046	98
22	decode	2.00324	0.283553	20.007	13.046	93.5	13.046	97
23	decode	2.00328	0.283712	20.0177	13.046	95.3333	13.046	97
24	decode	2.00332	0.283947	20.0337	13.046	95.1667	13.046	98
25	decode	2.00336	0.283913	20.0307	13.1252	96.4	13.442	98
26	decode	2.0034	0.283738	20.0178	13.112	93.5	13.442	97
27	decode	2.00344	0.283169	19.9771	13.046	94	13.046	97
28	decode	2.00349	0.284574	20.0756	13.046	95.2	13.046	98
29	decode	2.00353	0.283278	19.9837	13.1026	95.8571	13.442	97
30	decode	2.00357	0.283601	20.0059	13.112	95.8333	13.442	98
31	decode	2.00361	0.284333	20.057	13.046	96.2	13.046	97
32	decode	2.00365	0.28378	20.0174	13.046	93.8333	13.046	98
33	decode	2.00369	0.284049	20.0358	13.046	95.8	13.046	98
34	decode	2.00373	0.28377	20.0155	13.046	96.3333	13.046	98
35	decode	2.00377	0.284937	20.0973	13.046	95	13.046	98
36	decode	2.00381	0.28491	20.0948	13.046	96.1667	13.046	98
37	decode	2.00385	0.284743	20.0824	13.112	95.5	13.442	97
38	decode	2.00389	0.283728	20.0103	13.112	95.8333	13.442	97
39	decode	2.00393	0.284195	20.0426	13.046	95.2	13.046	97
40	decode	2.00397	0.28425	20.046	13.046	95	13.046	98
41	decode	2.00401	0.283784	20.0125	13.046	96	13.046	97
42	decode	2.00405	0.283563	19.9964	13.046	94.8	13.046	98
43	decode	2.00409	0.283469	19.9892	13.046	95.4286	13.046	98
44	decode	2.00413	0.283996	20.0258	13.046	95.2	13.046	97
45	decode	2.00417	0.283321	19.9776	13.046	95.6	13.046	98
46	decode	2.00421	0.284564	20.0647	13.046	92.1667	13.046	97
47	decode	2.00425	0.284018	20.0256	13.046	94	13.046	97
48	decode	2.00429	0.283588	19.9947	13.046	95.4	13.046	97
49	decode	2.00434	0.284208	20.0379	13.178	94.3333	13.442	97
50	decode	2.00438	0.284165	20.0343	13.046	93.1667	13.046	97
51	decode	2.00442	0.283706	20.0014	13.1252	94	13.442	97
52	decode	2.00446	0.284109	20.0292	13.244	96.1667	13.442	97
53	decode	2.0045	0.28377	20.0048	13.046	95	13.046	97
54	decode	2.00454	0.284151	20.0311	13.046	95.1667	13.046	97
55	decode	2.00458	0.284273	20.0391	13.046	95.8	13.046	98
56	decode	2.00462	0.283561	19.9883	13.046	95.7143	13.046	97
57	decode	2.00466	0.284878	20.0806	13.046	96.4	13.046	98
58	decode	2.0047	0.284657	20.0644	13.046	93.6667	13.046	98
59	decode	2.00474	0.284384	20.0446	13.046	95.4	13.046	97
60	decode	2.00478	0.283952	20.0136	13.178	96.5	13.442	98
61	decode	2.00482	0.283999	20.0163	13.2836	95.4	13.442	97
62	decode	2.00486	0.284303	20.0372	13.178	96.3333	13.442	97
63	decode	2.0049	0.284503	20.0508	13.244	93	13.442	97
64	decode	2.00494	0.283532	19.9818	13.3628	93.8	13.442	97
65	decode	2.00498	0.284103	20.0214	13.442	94.6667	13.442	97
66	decode	2.00502	0.28381	20.0002	13.31	93	13.442	98
67	decode	2.00506	0.284518	20.0496	13.244	95.6667	13.442	98
68	decode	2.0051	0.283622	19.9858	13.2836	95.6	13.442	98
69	decode	2.00514	0.28461	20.0549	13.046	92.8333	13.046	98
70	decode	2.00519	0.2835	19.9761	13.046	95.1667	13.046	97
71	decode	2.00523	0.283834	19.9991	13.178	95.5	13.442	97
72	decode	2.00527	0.283402	19.9681	13.1252	94.6	13.442	98
73	decode	2.00531	0.282987	19.9383	13.3289	95.5714	13.442	98
74	decode	2.00535	0.284164	20.0207	13.2044	95	13.442	97
75	decode	2.00539	0.283377	19.9646	13.376	95.5	13.442	98
76	decode	2.00543	0.283266	19.9562	13.442	92.3333	13.442	98
77	decode	2.00547	0.284573	20.0478	13.442	94.3333	13.442	97
78	decode	2.00551	0.283841	19.9956	13.442	94.8333	13.442	97
79	decode	2.00555	0.283482	19.9698	13.442	96.2	13.442	98
80	decode	2.00559	0.284342	20.0298	13.442	94	13.442	97
81	decode	2.00563	0.283467	19.9676	13.442	95.1667	13.442	97
82	decode	2.00567	0.283454	19.9661	13.442	93.6667	13.442	97
83	decode	2.00571	0.283472	19.9668	13.442	94	13.442	97
84	decode	2.00575	0.284281	20.0232	13.442	95.3333	13.442	97
85	decode	2.00579	0.284129	20.0119	13.442	95.4	13.442	98
86	decode	2.00583	0.283905	19.9956	13.442	93.3333	13.442	97
87	decode	2.00587	0.283766	19.9853	13.442	93.5	13.442	98
88	decode	2.00591	0.28421	20.016	13.442	93.1667	13.442	97
89	decode	2.00595	0.284179	20.0132	13.442	95.1667	13.442	97
90	decode	2.00599	0.284063	20.0045	13.442	95.1667	13.442	98
91	decode	2.00604	0.283409	19.9578	13.442	95.3333	13.442	98
92	decode	2.00608	0.283534	19.9661	13.442	95.5	13.442	97
93	decode	2.00612	0.284357	20.0235	13.442	95.8	13.442	97
94	decode	2.00616	0.283839	19.9864	13.442	92.5	13.442	98
95	decode	2.0062	0.283406	19.9554	13.442	94.5	13.442	97
96	decode	2.00624	0.283971	19.9946	13.442	95.1667	13.442	98
97	decode	2.00628	0.284181	20.0088	13.442	95	13.442	97
98	decode	2.00632	0.28476	20.049	13.442	95.6	13.442	98
99	decode	2.00636	0.284128	20.004	13.442	95.6667	13.442	97
100	decode	2.0064	0.283468	19.9569	13.5737	94.3333	13.837	97
101	decode	2.00644	0.284964	20.0617	13.442	95.5	13.442	98
102	decode	2.00648	0.283394	19.9506	13.442	94.6667	13.442	97
103	decode	2.00652	0.28394	19.9884	13.442	95.6	13.442	97
104	decode	2.00656	0.284271	20.0112	13.442	93.5	13.442	97
105	decode	2.0066	0.284861	20.0521	13.442	95.1667	13.442	98
106	decode	2.00664	0.284383	20.0179	13.442	95	13.442	97
107	decode	2.00668	0.283607	19.9628	13.442	95.1667	13.442	97
108	decode	2.00672	0.284513	20.026	13.442	95.1667	13.442	97
109	decode	2.00676	0.284318	20.0116	13.442	96	13.442	98
110	decode	2.0068	0.283895	19.9814	13.442	95.6	13.442	98
111	decode	2.00684	0.284281	20.0079	13.442	92.8333	13.442	97
112	decode	2.00688	0.285156	20.069	13.442	96.3333	13.442	97
113	decode	2.00692	0.283585	19.9578	13.442	96.3333	13.442	97
114	decode	2.00697	0.284472	20.0197	13.442	93.8333	13.442	98
115	decode	2.00701	0.283583	19.9566	13.442	93.5	13.442	98
116	decode	2.00705	0.284539	20.0233	13.442	93	13.442	97
117	decode	2.00709	0.284404	20.0132	13.442	95.6667	13.442	98
118	decode	2.00713	0.284563	20.0238	13.521	96	13.837	97
119	decode	2.00717	0.284046	19.9869	13.7053	92.3333	13.837	97
120	decode	2.00721	0.28364	19.9577	13.7053	94.5	13.837	97
121	decode	2.00725	0.283459	19.9444	13.7053	95.1667	13.837	98
122	decode	2.00729	0.283986	19.981	13.6395	95.1667	13.837	97
123	decode	2.00733	0.284265	20	13.679	96	13.837	97
124	decode	2.00737	0.283571	19.9506	13.6395	92.3333	13.837	97
125	decode	2.00741	0.284759	20.0337	13.6	95.6	13.837	97
126	decode	2.00745	0.284184	19.9927	13.7712	93	13.837	97
127	decode	2.00749	0.284745	20.0316	13.7053	96	13.837	97
128	decode	2.00753	0.284365	20.0042	13.7053	94.6667	13.837	97
129	decode	2.00757	0.284001	19.9781	13.5737	93.1667	13.837	97
130	decode	2.00761	0.284728	20.0287	13.7712	94	13.837	97
131	decode	2.00765	0.284879	20.0387	13.7053	95.5	13.837	98
132	decode	2.00769	0.28464	20.0213	13.837	94.8333	13.837	97
133	decode	2.00773	0.28469	20.0243	13.5737	95.5	13.837	98
134	decode	2.00777	0.284386	20.0023	13.679	95	13.837	97
135	decode	2.00781	0.284293	19.9952	13.7712	96	13.837	98
136	decode	2.00785	0.28485	20.0338	13.837	95.8333	13.837	97
137	decode	2.0079	0.284176	19.9859	13.837	95	13.837	97
138	decode	2.00794	0.284366	19.9986	13.837	93.3333	13.837	97
139	decode	2.00798	0.283921	19.9668	13.7241	96.1429	13.837	98
140	decode	2.00802	0.284576	20.0123	13.679	95.2	13.837	97
141	decode	2.00806	0.284564	20.0109	13.7712	96	13.837	98
142	decode	2.0081	0.28485	20.0305	13.837	94	13.837	97
143	decode	2.00814	0.28445	20.0018	13.837	94	13.837	97
144	decode	2.00818	0.285251	20.0575	13.7712	94.5	13.837	97
145	decode	2.00822	0.284614	20.0122	13.7712	95.8333	13.837	97
146	decode	2.00826	0.28444	19.9994	13.7712	95.6667	13.837	97
147	decode	2.0083	0.284658	20.0141	13.6395	91.5	13.837	97
148	decode	2.00834	0.284932	20.0328	13.7053	92.8333	13.837	97
149	decode	2.00838	0.284331	19.99	13.6395	94.8333	13.837	97
150	decode	2.00842	0.284171	19.9782	13.6395	94.5	13.837	98
151	decode	2.00846	0.284462	19.9981	13.758	95	13.837	97
152	decode	2.0085	0.28408	19.9707	13.6395	91.8333	13.837	97
153	decode	2.00854	0.283955	19.9613	13.7712	96.3333	13.837	98
154	decode	2.00858	0.284346	19.9882	13.679	93.8	13.837	97
155	decode	2.00862	0.284066	19.968	13.837	91.8333	13.837	97
156	decode	2.00866	0.284199	19.9767	13.7712	96	13.837	97
157	decode	2.0087	0.284372	19.9884	13.679	94.6	13.837	97
158	decode	2.00874	0.283877	19.953	13.837	95.6667	13.837	98
159	decode	2.00878	0.284959	20.0285	13.758	95	13.837	98
160	decode	2.00882	0.285137	20.0404	13.837	95.8	13.837	97
161	decode	2.00887	0.285004	20.0305	13.837	94.8333	13.837	98
162	decode	2.00891	0.284169	19.9713	13.7712	93.5	13.837	97
163	decode	2.00895	0.285176	20.0415	13.7712	95.3333	13.837	98
164	decode	2.00899	0.284111	19.9661	13.837	95.2	13.837	97
165	decode	2.00903	0.284051	19.9613	13.6	93.4	13.837	97
166	decode	2.00907	0.285288	20.0477	13.5078	95.8333	13.837	97
167	decode	2.00911	0.284048	19.96	13.521	95.6	13.837	97
168	decode	2.00915	0.284248	19.9735	13.758	95.8	13.837	98
169	decode	2.00919	0.284459	19.9877	13.758	95.8	13.837	98
170	decode	2.00923	0.285556	20.0643	13.758	94.8	13.837	98
171	decode	2.00927	0.284703	20.0037	13.758	96	13.837	97
172	decode	2.00931	0.283986	19.9528	13.837	92.6	13.837	97
173	decode	2.00935	0.283963	19.9506	13.837	96.3333	13.837	97
174	decode	2.00939	0.284604	19.9951	13.679	96.2	13.837	98
175	decode	2.00943	0.284111	19.9599	13.837	96.2	13.837	98
176	decode	2.00947	0.284696	20.0004	13.837	96.2	13.837	98
177	decode	2.00951	0.285306	20.0427	13.837	95.4	13.837	97
178	decode	2.00955	0.285459	20.0529	13.837	95.2	13.837	97
179	decode	2.00959	0.284786	20.005	13.837	95.2	13.837	98
180	decode	2.00963	0.284731	20.0006	13.758	94.4	13.837	97
181	decode	2.00967	0.283385	19.9055	13.7053	95.8333	13.837	97
182	decode	2.00971	0.285307	20.0399	13.6	94.6	13.837	97
183	decode	2.00975	0.284853	20.0075	13.5737	96.3333	13.837	98
184	decode	2.00979	0.285379	20.0439	13.521	95.6	13.837	97
185	decode	2.00983	0.285146	20.0269	13.521	94.6	13.837	97
186	decode	2.00988	0.284948	20.0125	13.679	94.8	13.837	97
187	decode	2.00992	0.284901	20.0086	13.758	94.8	13.837	97
188	decode	2.00996	0.284814	20.0019	13.679	95.6	13.837	97
189	decode	2.01	0.284224	19.96	13.679	95.6	13.837	97
190	decode	2.01004	0.285017	20.0151	13.7053	95.1667	13.837	98
191	decode	2.01008	0.284335	19.9666	13.5737	95.3333	13.837	97
192	decode	2.01012	0.284058	19.9466	13.5737	93.1667	13.837	97
193	decode	2.01016	0.284931	20.0074	13.6	92	13.837	97
194	decode	2.0102	0.284797	19.9974	13.7712	95.8333	13.837	98
195	decode	2.01024	0.283853	19.9305	13.837	91.4	13.837	97
196	decode	2.01028	0.284747	19.9927	13.837	95.8333	13.837	98
197	decode	2.01032	0.284863	20.0003	13.837	95.4	13.837	98
198	decode	2.01036	0.284469	19.972	13.837	95.2	13.837	97
199	decode	2.0104	0.2846	19.9807	13.442	95.4	13.442	98
200	decode	2.01044	0.284645	19.9833	13.442	93.3333	13.442	98
201	decode	2.01048	0.28462	19.981	13.442	93.5	13.442	98
202	decode	2.01052	0.284338	19.9606	13.442	94.8	13.442	97
203	decode	2.01056	0.285316	20.0287	13.442	96.3333	13.442	98
204	decode	2.0106	0.284195	19.9495	13.442	94	13.442	97
205	decode	2.01064	0.284816	19.9925	13.442	95.1667	13.442	97
206	decode	2.01068	0.284627	19.9787	13.442	95.2	13.442	97
207	decode	2.01072	0.284398	19.962	13.442	95.5	13.442	97
208	decode	2.01076	0.284447	19.9649	13.442	95.6667	13.442	97
209	decode	2.0108	0.284705	19.9824	13.442	96	13.442	97
210	decode	2.01084	0.284021	19.9339	13.521	96	13.837	97
211	decode	2.01088	0.285409	20.0307	13.5737	95.6667	13.837	98
212	decode	2.01093	0.285097	20.0083	13.6	95.6	13.837	98
213	decode	2.01097	0.284745	19.983	13.758	92.8	13.837	97
214	decode	2.01101	0.284213	19.9451	13.5737	96	13.837	98
215	decode	2.01105	0.285028	20.0017	13.442	95.6	13.442	98
216	decode	2.01109	0.284312	19.9509	13.442	92.4	13.442	98
217	decode	2.01113	0.284758	19.9817	13.442	95.4	13.442	97
218	decode	2.01117	0.285042	20.001	13.6	95	13.837	97
219	decode	2.01121	0.28398	19.926	13.679	95	13.837	97
220	decode	2.01125	0.283958	19.9239	13.758	94.2	13.837	97
221	decode	2.01129	0.283963	19.9236	13.837	93.8333	13.837	98
222	decode	2.01133	0.284119	19.9341	13.837	96.2	13.837	97
223	decode	2.01137	0.283904	19.9184	13.837	96.4	13.837	98
224	decode	2.01141	0.284367	19.9503	13.758	96	13.837	98
225	decode	2.01145	0.284681	19.9718	13.837	95.2	13.837	98
226	decode	2.01149	0.284938	19.9893	13.837	90.8	13.837	97
227	decode	2.01153	0.284218	19.9382	13.837	95.2	13.837	97
228	decode	2.01157	0.284323	19.945	13.837	95.5	13.837	97
229	decode	2.01161	0.284867	19.9825	13.837	96	13.837	98
230	decode	2.01165	0.284354	19.946	13.837	95.1667	13.837	98
231	decode	2.01169	0.284761	19.974	13.837	95.6	13.837	97
232	decode	2.01173	0.284676	19.9675	13.837	95.6	13.837	97
233	decode	2.01177	0.285467	20.0224	13.837	91.4	13.837	97
234	decode	2.01181	0.284463	19.9514	13.837	96.1667	13.837	97
235	decode	2.01185	0.284864	19.979	13.837	96.2	13.837	98
236	decode	2.01189	0.284299	19.9388	13.837	95.4	13.837	97
237	decode	2.01193	0.284878	19.9789	13.837	93.8	13.837	97
238	decode	2.01197	0.285058	19.9909	13.837	94	13.837	97
239	decode	2.01202	0.284963	19.9837	13.7712	95.8333	13.837	98
240	decode	2.01206	0.285295	20.0064	13.837	94.8	13.837	97
241	decode	2.0121	0.288688	20.2437	13.837	96.6667	13.837	98
242	decode	2.01214	0.285481	20.0183	13.837	96.2	13.837	98
243	decode	2.01218	0.285172	19.996	13.837	95.4	13.837	97
244	decode	2.01222	0.287649	20.1692	13.837	94.3333	13.837	97
245	decode	2.01226	0.285196	19.9967	13.837	96	13.837	97
246	decode	2.0123	0.285294	20.0029	13.837	93.6	13.837	97
247	decode	2.01234	0.285736	20.0334	13.837	96.3333	13.837	98
248	decode	2.01238	0.284029	19.9131	13.837	96.5	13.837	98
249	decode	2.01242	0.284565	19.9502	13.837	93.8	13.837	97
250	decode	2.01246	0.285173	19.9922	13.837	96.1667	13.837	97
251	decode	2.0125	0.285312	20.0014	13.837	95.4	13.837	98
252	decode	2.01254	0.28877	20.2432	13.837	95.8333	13.837	97
253	decode	2.01258	0.284754	19.9612	13.837	95.3333	13.837	98
254	decode	2.01262	0.285133	19.9872	13.837	95.6	13.837	98
