0	prefill	214.414	14.31	1093.95	16.0571	89.8462	17.395	98
1	decode	4.00287	0.574401	40.5529	16.407	95.5	16.605	98
2	decode	4.00292	0.571334	40.3352	15.814	96.6	15.814	98
3	decode	4.00297	0.568816	40.1563	15.419	95	15.419	97
4	decode	4.00301	0.568748	40.1503	15.023	95.8	15.023	98
5	decode	4.00306	0.568748	40.1492	14.628	95.5	14.628	98
6	decode	4.00311	0.570085	40.2424	14.496	95.1667	14.628	97
7	decode	4.00316	0.568906	40.1581	14.232	95	14.232	98
8	decode	4.00321	0.56828	40.1127	14.232	95.6667	14.232	97
9	decode	4.00326	0.568044	40.095	13.916	95.2	14.232	97
10	decode	4.00331	0.569052	40.165	13.837	96.6667	13.837	98
11	decode	4.00335	0.567936	40.085	13.837	92.5	13.837	97
12	decode	4.0034	0.568126	40.0974	13.837	91.5	13.837	97
13	decode	4.00345	0.567589	40.0583	13.837	92.8333	13.837	98
14	decode	4.0035	0.569067	40.1615	13.837	94	13.837	97
15	decode	4.00355	0.567905	40.0783	13.837	95.5714	13.837	98
16	decode	4.0036	0.569053	40.1582	13.837	95.6	13.837	98
17	decode	4.00365	0.569228	40.1694	13.442	95.6667	13.442	97
18	decode	4.00369	0.57067	40.27	13.442	96	13.442	98
19	decode	4.00374	0.570407	40.2504	13.442	96.2	13.442	97
20	decode	4.00379	0.567353	40.0337	13.442	95.6667	13.442	97
21	decode	4.00384	0.570014	40.2203	13.442	96	13.442	98
22	decode	4.00389	0.567995	40.0767	13.442	95.5	13.442	97
23	decode	4.00394	0.569298	40.1675	13.442	96	13.442	97
24	decode	4.00399	0.570101	40.2231	13.442	95.6	13.442	97
25	decode	4.00403	0.569038	40.1469	13.442	95	13.442	98
26	decode	4.00408	0.567959	40.0697	13.442	95.5	13.442	97
27	decode	4.00413	0.569458	40.1742	13.442	94.1667	13.442	98
28	decode	4.00418	0.567521	40.0365	13.442	95.2	13.442	98
29	decode	4.00423	0.569008	40.1403	13.442	95.8333	13.442	98
30	decode	4.00428	0.567956	40.0649	13.442	93.5	13.442	98
31	decode	4.00432	0.569239	40.1543	13.442	95.4	13.442	97
32	decode	4.00437	0.570224	40.2227	13.442	96	13.442	98
33	decode	4.00442	0.571679	40.3241	13.442	95.1667	13.442	97
34	decode	4.00447	0.568939	40.1297	13.442	96.3333	13.442	97
35	decode	4.00452	0.567548	40.0304	13.5078	96	13.837	97
36	decode	4.00457	0.56842	40.0908	13.5078	95.1667	13.837	98
37	decode	4.00462	0.568113	40.068	13.442	93.8333	13.442	97
38	decode	4.00466	0.568256	40.077	13.442	93.6	13.442	97
39	decode	4.00471	0.567707	40.0371	13.442	95.6	13.442	98
40	decode	4.00476	0.568669	40.1038	13.442	95.6	13.442	97
41	decode	4.00481	0.569023	40.1277	13.442	96.1667	13.442	98
42	decode	4.00486	0.568482	40.0884	13.5737	95.6667	13.837	97
43	decode	4.00491	0.569187	40.137	13.7712	95.3333	13.837	97
44	decode	4.00496	0.568013	40.053	13.758	95	13.837	98
45	decode	4.005	0.56959	40.1631	13.5078	96	13.837	98
46	decode	4.00505	0.569335	40.144	13.442	93.8333	13.442	97
47	decode	4.0051	0.569478	40.1529	13.5078	95.5	13.837	97
48	decode	4.00515	0.568257	40.0657	13.442	93.3333	13.442	97
49	decode	4.0052	0.568975	40.1152	13.442	96.2	13.442	98
50	decode	4.00525	0.567515	40.0111	13.442	96	13.442	98
51	decode	4.00529	0.56792	40.0385	13.442	95	13.442	97
52	decode	4.00534	0.568415	40.0724	13.442	93.2	13.442	97
53	decode	4.00539	0.568833	40.1007	13.442	95.6	13.442	97
54	decode	4.00544	0.568315	40.063	13.442	96	13.442	98
55	decode	4.00549	0.569035	40.1126	13.442	95.8333	13.442	97
56	decode	4.00554	0.567853	40.0282	13.442	90.8	13.442	97
57	decode	4.00559	0.567763	40.0207	13.442	95.4	13.442	97
58	decode	4.00563	0.568925	40.1015	13.442	94.6667	13.442	97
59	decode	4.00568	0.569993	40.1756	13.442	94.6	13.442	98
60	decode	4.00573	0.569708	40.1544	13.442	94	13.442	97
61	decode	4.00578	0.568362	40.0584	13.442	95.8571	13.442	98
62	decode	4.00583	0.568437	40.0625	13.442	95.4	13.442	97
63	decode	4.00588	0.569658	40.1475	13.442	95.2	13.442	97
64	decode	4.00593	0.568508	40.0653	13.442	96	13.442	98
65	decode	4.00597	0.568961	40.0961	13.442	95.3333	13.442	98
66	decode	4.00602	0.567288	39.977	13.442	95.3333	13.442	98
67	decode	4.00607	0.569024	40.0982	13.442	96	13.442	97
68	decode	4.00612	0.568037	40.0275	13.442	95.7143	13.442	98
69	decode	4.00617	0.570445	40.1961	13.442	95.8	13.442	97
70	decode	4.00622	0.566574	39.9222	13.442	96.3333	13.442	98
71	decode	4.00626	0.56801	40.0223	13.442	91.5	13.442	97
72	decode	4.00631	0.566977	39.9484	13.442	95.5714	13.442	97
73	decode	4.00636	0.567421	39.9785	13.442	95.4	13.442	97
74	decode	4.00641	0.569178	40.1011	13.442	96.3333	13.442	98
75	decode	4.00646	0.570469	40.191	13.442	96.1667	13.442	98
76	decode	4.00651	0.56958	40.1272	13.442	96.1667	13.442	98
77	decode	4.00656	0.568228	40.0308	13.442	93.4	13.442	98
78	decode	4.0066	0.567757	39.9965	13.442	96.3333	13.442	98
79	decode	4.00665	0.568986	40.0819	13.442	93.5	13.442	97
80	decode	4.0067	0.569435	40.1125	13.442	93.6667	13.442	97
81	decode	4.00675	0.569252	40.0984	13.442	92	13.442	97
82	decode	4.0068	0.568247	40.0265	13.442	95	13.442	97
83	decode	4.00685	0.566806	39.9239	13.442	96.5	13.442	98
84	decode	4.00689	0.567873	39.9979	13.442	95.6667	13.442	97
85	decode	4.00694	0.569069	40.081	13.442	96	13.442	97
86	decode	4.00699	0.569422	40.1048	13.442	94.1667	13.442	98
87	decode	4.00704	0.568844	40.0629	13.442	93.1667	13.442	98
88	decode	4.00709	0.569557	40.112	13.442	94.5	13.442	98
89	decode	4.00714	0.569521	40.1083	13.442	95.4	13.442	97
90	decode	4.00718	0.567905	39.9934	13.442	95.8333	13.442	98
91	decode	4.00723	0.567732	39.9801	13.442	92.8333	13.442	97
92	decode	4.00728	0.568481	40.0316	13.442	93.8333	13.442	97
93	decode	4.00733	0.566692	39.9046	13.442	94.1667	13.442	98
94	decode	4.00738	0.568421	40.0252	13.442	95.8	13.442	98
95	decode	4.00743	0.569877	40.1266	13.442	95.8	13.442	98
96	decode	4.00748	0.569539	40.1016	13.442	95.8	13.442	97
97	decode	4.00752	0.568603	40.0346	13.442	96	13.442	98
98	decode	4.00757	0.567332	39.944	13.442	94.1667	13.442	97
99	decode	4.00762	0.568009	39.9905	13.442	95.6	13.442	97
100	decode	4.00767	0.568558	40.0281	13.442	95.6667	13.442	97
101	decode	4.00772	0.568789	40.0432	13.442	95.6	13.442	97
102	decode	4.00777	0.567666	39.963	13.442	95.8333	13.442	97
103	decode	4.00781	0.570095	40.1328	13.442	95.4	13.442	97
104	decode	4.00786	0.567329	39.937	13.442	95.6667	13.442	97
105	decode	4.00791	0.568476	40.0166	13.442	95.3333	13.442	97
106	decode	4.00796	0.568373	40.0083	13.442	95.1667	13.442	97
107	decode	4.00801	0.569226	40.0671	13.442	94.6667	13.442	97
108	decode	4.00806	0.567809	39.9663	13.442	96	13.442	98
109	decode	4.0081	0.570075	40.1246	13.442	95.8333	13.442	97
110	decode	4.00815	0.56962	40.0915	13.442	95.6667	13.442	97
111	decode	4.0082	0.575958	40.5364	13.442	96.8	13.442	98
112	decode	4.00825	0.568243	39.9923	13.442	96.3333	13.442	98
113	decode	4.0083	0.569988	40.114	13.442	95.4	13.442	97
114	decode	4.00835	0.569274	40.0626	13.442	95.4	13.442	97
115	decode	4.0084	0.569969	40.1104	13.442	95.5	13.442	97
116	decode	4.00844	0.570487	40.1457	13.442	95.8333	13.442	97
117	decode	4.00849	0.569859	40.1004	13.442	91.8	13.442	97
118	decode	4.00854	0.568602	40.0108	13.442	96	13.442	98
119	decode	4.00859	0.57047	40.1411	13.442	95.6	13.442	98
120	decode	4.00864	0.570399	40.135	13.442	96	13.442	97
121	decode	4.00869	0.569873	40.0968	13.442	95.1667	13.442	97
122	decode	4.00873	0.568128	39.9729	13.442	95.4286	13.442	97
123	decode	4.00878	0.569202	40.0473	13.442	95.4	13.442	97
124	decode	4.00883	0.567836	39.9501	13.442	95.6667	13.442	98
125	decode	4.00888	0.568395	39.9883	13.442	95.6667	13.442	97
126	decode	4.00893	0.570073	40.1053	13.442	95.6	13.442	98
127	decode	4.00898	0.569135	40.0381	13.442	95.8333	13.442	97
128	decode	4.00902	0.568787	40.0125	13.442	94	13.442	98
129	decode	4.00907	0.568999	40.0263	13.442	95	13.442	97
130	decode	4.00912	0.568402	39.9832	13.442	95	13.442	97
131	decode	4.00917	0.569376	40.0505	13.442	93.1667	13.442	97
132	decode	4.00922	0.568355	39.9776	13.442	94.5	13.442	98
133	decode	4.00927	0.56902	40.0232	13.442	95.6	13.442	97
134	decode	4.00931	0.568185	39.9634	13.442	92	13.442	97
135	decode	4.00936	0.569504	40.055	13.442	95.6	13.442	98
136	decode	4.00941	0.568324	39.9709	13.442	96	13.442	97
137	decode	4.00946	0.569414	40.0464	13.442	95.8	13.442	97
138	decode	4.00951	0.567965	39.9434	13.442	96.1667	13.442	98
139	decode	4.00956	0.567514	39.9105	13.442	93.8333	13.442	98
140	decode	4.0096	0.56933	40.0371	13.442	95.4	13.442	97
141	decode	4.00965	0.571401	40.1816	13.442	96.1429	13.442	98
142	decode	4.0097	0.569658	40.058	13.442	95.8333	13.442	97
143	decode	4.00975	0.570001	40.0809	13.442	95.6	13.442	98
144	decode	4.0098	0.568553	39.978	13.5078	95.8333	13.837	98
145	decode	4.00985	0.567605	39.9102	13.442	93.1667	13.442	97
146	decode	4.00989	0.569754	40.0602	13.442	95.2	13.442	97
147	decode	4.00994	0.568683	39.9837	13.442	95.8571	13.442	98
148	decode	4.00999	0.570851	40.135	13.442	95.8333	13.442	98
149	decode	4.01004	0.567302	39.8844	13.442	95.4	13.442	97
150	decode	4.01009	0.569134	40.012	13.442	96	13.442	98
151	decode	4.01014	0.567917	39.9254	13.442	96	13.442	98
152	decode	4.01018	0.569189	40.0137	13.442	95.6667	13.442	97
153	decode	4.01023	0.569182	40.0121	13.442	94.6667	13.442	97
154	decode	4.01028	0.56831	39.9496	13.442	91.1667	13.442	98
155	decode	4.01033	0.569313	40.019	13.442	95.2	13.442	97
156	decode	4.01038	0.569241	40.0128	13.442	96	13.442	98
157	decode	4.01043	0.570734	40.1166	13.442	92.3333	13.442	97
158	decode	4.01047	0.568465	39.956	13.4984	95.7143	13.837	98
159	decode	4.01052	0.569843	40.0517	13.442	95.2	13.442	97
160	decode	4.01057	0.569836	40.0501	13.442	96.3333	13.442	98
161	decode	4.01062	0.567865	39.9104	13.442	94.1667	13.442	97
162	decode	4.01067	0.569414	40.0182	13.5078	95.6667	13.837	97
163	decode	4.01072	0.569831	40.0464	13.442	95.5	13.442	97
164	decode	4.01076	0.569265	40.0055	13.442	93.8333	13.442	98
165	decode	4.01081	0.568742	39.9676	13.442	96.3333	13.442	97
166	decode	4.01086	0.569417	40.0138	13.442	92.5	13.442	98
167	decode	4.01091	0.570024	40.0554	13.442	94.5	13.442	98
168	decode	4.01096	0.570225	40.0684	13.442	94.6	13.442	97
169	decode	4.01101	0.5695	40.0163	13.442	95.4	13.442	98
170	decode	4.01105	0.569329	40.0032	13.442	95.8333	13.442	98
171	decode	4.0111	0.568967	39.9766	13.442	94.6667	13.442	97
172	decode	4.01115	0.56827	39.9265	13.442	95.5	13.442	97
173	decode	4.0112	0.568944	39.9727	13.442	94.4	13.442	98
174	decode	4.01125	0.570136	40.0553	13.442	96.5	13.442	98
175	decode	4.0113	0.570033	40.047	13.5078	94.3333	13.837	98
176	decode	4.01134	0.57102	40.1152	13.442	92.5	13.442	97
177	decode	4.01139	0.571141	40.1225	13.442	94.1667	13.442	98
178	decode	4.01144	0.570374	40.0676	13.442	96	13.442	97
179	decode	4.01149	0.569753	40.0228	13.442	95.8571	13.442	98
180	decode	4.01154	0.568859	39.9589	13.442	95.8	13.442	98
181	decode	4.01159	0.569353	39.9925	13.442	95.4	13.442	97
182	decode	4.01163	0.571603	40.1494	13.442	95.4	13.442	97
183	decode	4.01168	0.56894	39.9612	13.521	95.4	13.837	97
184	decode	4.01173	0.56936	39.9896	13.679	95.4	13.837	97
185	decode	4.01178	0.569641	40.0081	13.837	94.4	13.837	97
186	decode	4.01183	0.570789	40.0877	13.837	92.3333	13.837	98
187	decode	4.01188	0.568608	39.9333	13.7712	95.8333	13.837	98
188	decode	4.01192	0.571182	40.113	13.837	96.2	13.837	98
189	decode	4.01197	0.570819	40.0864	13.837	96	13.837	98
190	decode	4.01202	0.571402	40.1262	13.837	96.2	13.837	97
191	decode	4.01207	0.570708	40.0764	13.837	96.4	13.837	98
192	decode	4.01212	0.570292	40.046	13.837	96.2	13.837	98
193	decode	4.01216	0.569592	39.9957	13.837	96.4	13.837	98
194	decode	4.01221	0.569525	39.9899	13.837	95.8	13.837	97
195	decode	4.01226	0.571298	40.1132	13.837	96.2	13.837	97
196	decode	4.01231	0.570706	40.0706	13.837	96	13.837	97
197	decode	4.01236	0.569904	40.0131	13.837	96.2	13.837	98
198	decode	4.01241	0.569627	39.9925	13.521	95.8	13.837	98
199	decode	4.01245	0.570393	40.0452	13.442	95.2	13.442	97
200	decode	4.0125	0.568463	39.9085	13.442	96.1667	13.442	98
201	decode	4.01255	0.569074	39.9504	13.442	96.2	13.442	98
202	decode	4.0126	0.570151	40.0248	13.442	95.8	13.442	97
203	decode	4.01265	0.568538	39.9105	13.442	94.8	13.442	97
204	decode	4.0127	0.570673	40.0592	13.442	94.8	13.442	98
205	decode	4.01274	0.570706	40.0604	13.442	95.3333	13.442	97
206	decode	4.01279	0.569953	40.0064	13.442	95.8333	13.442	98
207	decode	4.01284	0.568174	39.8804	13.442	92.8333	13.442	97
208	decode	4.01289	0.56939	39.9646	13.442	95.1667	13.442	97
209	decode	4.01294	0.570339	40.0301	13.442	96.6	13.442	98
210	decode	4.01299	0.570283	40.025	13.442	95.6	13.442	98
211	decode	4.01303	0.568342	39.8877	13.442	94.8	13.442	97
212	decode	4.01308	0.569176	39.9451	13.442	93.4	13.442	97
213	decode	4.01313	0.569608	39.9743	13.442	95.6667	13.442	98
214	decode	4.01318	0.569763	39.984	13.442	95.2	13.442	97
215	decode	4.01323	0.570786	40.0547	13.442	92.8333	13.442	98
216	decode	4.01327	0.568466	39.8908	13.442	90.2	13.442	97
217	decode	4.01332	0.570982	40.0662	13.442	95.5	13.442	97
218	decode	4.01337	0.57016	40.0074	13.442	96	13.442	98
219	decode	4.01342	0.570848	40.0546	13.442	95.8	13.442	97
220	decode	4.01347	0.570775	40.0483	13.442	95	13.442	97
221	decode	4.01352	0.570915	40.057	13.442	96.1667	13.442	98
222	decode	4.01356	0.569756	39.9745	13.442	95.8	13.442	97
223	decode	4.01361	0.569059	39.9245	13.442	96.2	13.442	98
224	decode	4.01366	0.570126	39.9982	13.442	95	13.442	97
225	decode	4.01371	0.569528	39.9552	13.442	95.6	13.442	97
226	decode	4.01376	0.569446	39.9483	13.442	95.6	13.442	98
227	decode	4.01381	0.569975	39.9843	13.442	95.6	13.442	97
228	decode	4.01385	0.569288	39.935	13.442	96	13.442	98
229	decode	4.0139	0.572139	40.1338	13.442	95.8	13.442	97
230	decode	4.01395	0.571648	40.0983	13.442	95.6	13.442	97
231	decode	4.014	0.568364	39.8668	13.442	96	13.442	98
232	decode	4.01405	0.570739	40.0323	13.442	95.5	13.442	97
233	decode	4.01409	0.569815	39.9663	13.442	96.3333	13.442	97
234	decode	4.01414	0.569876	39.9695	13.442	95.6	13.442	97
235	decode	4.01419	0.568517	39.873	13.442	93.6	13.442	97
236	decode	4.01424	0.569735	39.9573	13.442	95.5	13.442	98
237	decode	4.01429	0.56967	39.9517	13.442	95.4	13.442	97
238	decode	4.01434	0.569361	39.9289	13.442	95.5	13.442	97
239	decode	4.01438	0.570746	40.0249	13.442	95.2	13.442	97
240	decode	4.01443	0.569791	39.9567	13.442	95.2	13.442	97
241	decode	4.01448	0.57019	39.9836	13.442	94.1667	13.442	97
242	decode	4.01453	0.570169	39.981	13.442	92.6	13.442	97
243	decode	4.01458	0.570474	40.0012	13.442	95.6667	13.442	97
244	decode	4.01462	0.569513	39.9328	13.442	94.8333	13.442	97
245	decode	4.01467	0.570222	39.9814	13.442	95.8333	13.442	97
246	decode	4.01472	0.570012	39.9655	13.442	92.3333	13.442	97
247	decode	4.01477	0.570244	39.9806	13.442	94.8	13.442	97
248	decode	4.01482	0.571284	40.0525	13.442	95.4	13.442	98
249	decode	4.01487	0.569236	39.9077	13.442	94.4	13.442	97
250	decode	4.01491	0.571203	40.0445	13.442	95.2	13.442	98
251	decode	4.01496	0.568861	39.8792	13.442	95	13.442	98
252	decode	4.01501	0.568678	39.8652	13.442	93.4	13.442	97
253	decode	4.01506	0.570123	39.9654	13.442	95.8333	13.442	97
254	decode	4.01511	0.569287	39.9057	13.442	92.2	13.442	97
