0	prefill	201.403	15.4383	1994.63	125.31	13.2727	126.276	22
1	decode	4	1.07655	118.695	124.15	22	124.15	22
2	decode	4	1.07385	118.393	108.738	22	124.15	22
3	decode	4	1.06753	117.692	101.032	22	101.032	22
4	decode	4	1.04817	115.553	101.032	22	101.032	22
5	decode	4	1.07497	118.504	104.95	26.6667	106.909	29
6	decode	4	1.07758	118.787	106.909	29	106.909	29
7	decode	4	1.07381	118.366	106.909	29	106.909	29
8	decode	4	1.07808	118.833	112.566	29	115.394	29
9	decode	4	1.07037	117.978	115.394	29	115.394	29
10	decode	4	1.07444	118.422	115.394	29	115.394	29
11	decode	4	1.07437	118.411	113.365	32.3333	115.394	34
12	decode	4	1.07891	118.906	112.35	34	112.35	34
13	decode	4	1.07477	118.445	112.35	34	112.35	34
14	decode	4	1.0795	118.962	113.978	34	114.792	34
15	decode	4	1.07799	118.791	114.792	34	114.792	34
16	decode	4	1.08146	119.168	114.792	34	114.792	34
17	decode	4	1.07522	118.477	113.561	34.6667	114.792	35
18	decode	4	1.08084	119.091	112.945	35	112.945	35
19	decode	4	1.07614	118.569	112.945	35	112.945	35
20	decode	4	1.07705	118.665	116.392	35	118.115	35
21	decode	4	1.07729	118.687	118.115	35	118.115	35
22	decode	4	1.07555	118.491	118.115	35	118.115	35
23	decode	4	1.07632	118.571	129.32	35	129.32	35
24	decode	4	1.0865	119.688	129.32	35	129.32	35
25	decode	4	1.07826	118.775	129.32	35	129.32	35
26	decode	4	1.08124	119.099	109.629	35	109.629	35
27	decode	4	1.0818	119.157	109.629	35	109.629	35
28	decode	4	1.07754	118.683	109.629	35	109.629	35
29	decode	4	1.07741	118.665	120.108	35	120.108	35
30	decode	4	1.08064	119.015	120.108	35	120.108	35
31	decode	4	1.07826	118.748	120.108	35	120.108	35
32	decode	4	1.07783	118.697	109.954	35	109.954	35
33	decode	4	1.07636	118.531	109.954	35	109.954	35
34	decode	4	1.08079	119.014	109.954	35	109.954	35
35	decode	4	1.07713	118.606	113.152	35	113.152	35
36	decode	4	1.07718	118.607	113.152	35	113.152	35
37	decode	4	1.07615	118.49	113.152	35	113.152	35
38	decode	4	1.07924	118.825	123.157	35	123.157	35
39	decode	4	1.08194	119.118	123.157	35	123.157	35
40	decode	4	1.05555	116.209	123.157	35	123.157	35
41	decode	4	1.07789	118.663	123.752	35	123.752	35
42	decode	4	1.08381	119.31	123.752	35	123.752	35
43	decode	4	1.08447	119.378	123.752	35	123.752	35
44	decode	4	1.05425	116.048	116.201	35	116.201	35
45	decode	4	1.08052	118.935	116.201	35	116.201	35
46	decode	4	1.07874	118.734	118.999	35	127.395	35
47	decode	4	1.0791	118.769	127.395	35	127.395	35
48	decode	4	1.04997	115.558	127.395	35	127.395	35
49	decode	4	1.07923	118.774	124.06	35	127.395	35
50	decode	4	1.08053	118.914	117.39	35	117.39	35
51	decode	4	1.07589	118.398	117.39	35	117.39	35
52	decode	4	1.08245	119.116	117.83	35	118.71	35
53	decode	4	1.07967	118.805	118.71	35	118.71	35
54	decode	4	1.07695	118.502	118.71	35	118.71	35
55	decode	4	1.07847	118.664	119.992	35	122.555	35
56	decode	4	1.07493	118.27	122.555	35	122.555	35
57	decode	4	1.07949	118.767	122.555	35	122.555	35
58	decode	4	1.0766	118.445	122.357	35	122.555	35
59	decode	4	1.05441	115.999	121.961	35	121.961	35
60	decode	4	1.08013	118.824	121.961	35	121.961	35
61	decode	4	1.07702	118.478	122.492	35	123.555	35
62	decode	4	1.08263	119.09	123.555	35	123.555	35
63	decode	4	1.08142	118.953	123.555	35	123.555	35
64	decode	4	1.07914	118.698	124.678	35	126.925	35
65	decode	4	1.0786	118.633	126.925	35	126.925	35
66	decode	4	1.0794	118.717	126.925	35	126.925	35
67	decode	4	1.08611	119.451	128.033	35	130.248	35
68	decode	4	1.08492	119.315	130.248	35	130.248	35
69	decode	4	1.0781	118.56	130.248	35	130.248	35
70	decode	4	1.06388	116.992	129.939	35	130.248	35
71	decode	4	1.0818	118.958	129.32	35	129.32	35
72	decode	4	1.07586	118.301	129.32	35	129.32	35
73	decode	4	1.0809	118.85	125.075	35	129.32	35
74	decode	4	1.08448	119.239	122.952	35	122.952	35
75	decode	4	1.08147	118.904	122.952	35	122.952	35
76	decode	4	1.08435	119.217	122.159	35	122.952	35
77	decode	4	1.08366	119.136	121.762	35	121.762	35
78	decode	4	1.08654	119.448	121.762	35	121.762	35
79	decode	4	1.0848	119.252	122.375	35	122.682	35
80	decode	4	1.07838	118.542	122.682	35	122.682	35
81	decode	4	1.07972	118.685	122.682	35	122.682	35
82	decode	4	1.08108	118.83	120.034	35	122.682	35
83	decode	4	1.0843	119.179	118.71	35	118.71	35
84	decode	4	1.08098	118.81	118.71	35	118.71	35
85	decode	4	1.08274	118.999	119.947	35	120.565	35
86	decode	4	1.08186	118.898	120.565	35	120.565	35
87	decode	4	1.08242	118.955	120.565	35	120.565	35
88	decode	4	1.08196	118.9	120.745	35	120.835	35
89	decode	4	1.08172	118.869	120.835	35	120.835	35
90	decode	4	1.08301	119.006	120.835	35	120.835	35
91	decode	4	1.07956	118.622	121.052	35	121.16	35
92	decode	4	1.06447	116.96	121.16	35	121.16	35
93	decode	4	1.08368	119.066	121.16	35	121.16	35
94	decode	4	1.08198	118.875	119.748	35	121.16	35
95	decode	4	1.08132	118.798	119.042	35	119.042	35
96	decode	4	1.08102	118.76	119.042	35	119.042	35
97	decode	4	1.07624	118.23	120.057	35	120.565	35
98	decode	4	1.07971	118.607	120.565	35	120.565	35
99	decode	4	1.08441	119.119	120.565	35	120.565	35
100	decode	4	1.08185	118.834	119.946	35	120.565	35
101	decode	4	1.07926	118.545	119.637	35	119.637	35
102	decode	4	1.08316	118.968	119.637	35	119.637	35
103	decode	4	1.08048	118.67	113.602	35	113.602	35
104	decode	4	1.07999	118.611	113.602	35	113.602	35
105	decode	4	1.07753	118.337	113.602	35	113.602	35
106	decode	4	1.08392	119.033	115.07	35	115.07	35
107	decode	4	1.08167	118.782	115.07	35	115.07	35
108	decode	4	1.08253	118.873	115.07	35	115.07	35
109	decode	4	1.08345	118.968	122.555	35	122.555	35
110	decode	4	1.07916	118.493	122.555	35	122.555	35
111	decode	4	1.0434	114.563	122.555	35	122.555	35
112	decode	4	1.07258	117.762	120.44	35	120.44	35
113	decode	4	1.0851	119.132	120.44	35	120.44	35
114	decode	4	1.08231	118.822	120.44	35	120.44	35
115	decode	4	1.07937	118.494	117.722	35	117.722	35
116	decode	4	1.07257	117.743	117.722	35	117.722	35
117	decode	4	1.07599	118.114	117.722	35	117.722	35
118	decode	4	1.08819	119.449	108.914	35	108.914	35
119	decode	4	1.07688	118.202	108.914	35	108.914	35
120	decode	4	1.08153	118.709	108.914	35	108.914	35
121	decode	4	1.0809	118.635	121.636	35	121.636	35
122	decode	4	1.08337	118.902	121.636	35	121.636	35
123	decode	4	1.0854	119.12	121.636	35	121.636	35
124	decode	4	1.08633	119.218	110.11	35	110.11	35
125	decode	4	1.0887	119.473	110.11	35	110.11	35
126	decode	4	1.08268	118.808	110.11	35	110.11	35
127	decode	4	1.08552	119.115	115.275	35	115.275	35
128	decode	4	1.08342	118.88	115.275	35	115.275	35
129	decode	4	1.08518	119.069	115.275	35	115.275	35
130	decode	4	1.08421	118.958	115.719	35	115.719	35
131	decode	4	1.0798	118.47	115.719	35	115.719	35
132	decode	4	1.08148	118.649	113.447	35	115.719	35
133	decode	4	1.07439	117.867	106.631	35	106.631	35
134	decode	4	1.08723	119.271	106.631	35	106.631	35
135	decode	4	1.07966	118.436	110.182	35	120.835	35
136	decode	4	1.05532	115.761	120.835	35	120.835	35
137	decode	4	1.07909	118.365	120.835	35	120.835	35
138	decode	4	1.08599	119.118	116.301	35	120.835	35
139	decode	4	1.08565	119.075	107.234	35	107.234	35
140	decode	4	1.08572	119.078	107.234	35	107.234	35
141	decode	4	1.08562	119.064	108.846	35	112.071	35
142	decode	4	1.0827	118.738	112.071	35	112.071	35
143	decode	4	1.07979	118.415	112.071	35	112.071	35
144	decode	4	1.08546	119.032	110.258	35	112.071	35
145	decode	4	1.08239	118.691	106.631	35	106.631	35
146	decode	4	1.08361	118.82	106.631	35	106.631	35
147	decode	4	1.08589	119.066	109.045	35	113.872	35
148	decode	4	1.08736	119.222	113.872	35	113.872	35
149	decode	4	1.08657	119.132	113.872	35	113.872	35
150	decode	4	1.08483	118.936	113.671	35	113.872	35
151	decode	4	1.07925	118.32	113.269	35	113.269	35
152	decode	4	1.0835	118.781	113.269	35	113.269	35
153	decode	4	1.08566	119.013	117.605	35	126.276	35
154	decode	4	1.08991	119.475	126.276	35	126.276	35
155	decode	4	1.08665	119.113	126.276	35	126.276	35
156	decode	4	1.0897	119.443	122.34	35	126.276	35
157	decode	4	1.08626	119.062	114.467	35	114.467	35
158	decode	4	1.07731	118.076	114.467	35	114.467	35
159	decode	4	1.05493	115.618	115.704	35	116.322	35
160	decode	4	1.08518	118.93	116.322	35	116.322	35
161	decode	4	1.08267	118.65	116.322	35	116.322	35
162	decode	4	1.0873	119.153	123.174	35	126.6	35
163	decode	4	1.04689	114.72	126.6	35	126.6	35
164	decode	4	1.08283	118.655	126.6	35	126.6	35
165	decode	4	1.08327	118.697	117.935	35	126.6	35
166	decode	4	1.08686	119.087	113.602	35	113.602	35
167	decode	4	1.08219	118.57	113.602	35	113.602	35
168	decode	4	1.08706	119.1	120.057	35	123.285	35
169	decode	4	1.08716	119.106	123.285	35	123.285	35
170	decode	4	1.08464	118.825	123.285	35	123.285	35
171	decode	4	1.08363	118.711	125.012	35	125.875	35
172	decode	4	1.08673	119.046	125.875	35	125.875	35
173	decode	4	1.08468	118.817	125.875	35	125.875	35
174	decode	4	1.09069	119.47	127.069	35	127.666	35
175	decode	4	1.08365	118.695	127.666	35	127.666	35
176	decode	4	1.08486	118.823	127.666	35	127.666	35
177	decode	4	1.07698	117.955	127.882	35	127.99	35
178	decode	4	1.08424	118.745	127.99	35	127.99	35
179	decode	4	1.08245	118.545	127.99	35	127.99	35
180	decode	4	1.07431	117.65	116.548	35	127.99	35
181	decode	4	1.08197	118.484	110.827	35	110.827	35
182	decode	4	1.08534	118.849	110.827	35	110.827	35
183	decode	4	1.08224	118.505	110.566	35	110.827	35
184	decode	4	1.08869	119.206	110.435	35	110.435	35
185	decode	4	1.08479	118.774	110.435	35	110.435	35
186	decode	4	1.08476	118.768	111.232	35	111.631	35
187	decode	4	1.0853	118.821	111.631	35	111.631	35
188	decode	4	1.08411	118.687	111.631	35	111.631	35
189	decode	4	1.08567	118.853	117.39	35	117.39	35
190	decode	4	1.09192	119.533	117.39	35	117.39	35
191	decode	4	1.0847	118.738	117.39	35	117.39	35
192	decode	4	1.07659	117.846	114.951	35	114.951	35
193	decode	4	1.0863	118.904	114.951	35	114.951	35
194	decode	4	1.08383	118.629	114.951	35	114.951	35
195	decode	4	1.08802	119.083	124.948	35	124.948	35
196	decode	4	1.08536	118.788	124.948	35	124.948	35
197	decode	4	1.08269	118.491	124.948	35	124.948	35
198	decode	4	1.09271	119.584	112.071	35	112.071	35
199	decode	4	1.08742	119	112.071	35	112.071	35
200	decode	4	1.06992	117.081	112.071	35	112.071	35
201	decode	4	1.08597	118.833	122.952	35	122.952	35
202	decode	4	1.08667	118.905	122.952	35	122.952	35
203	decode	4	1.0883	119.078	122.952	35	122.952	35
204	decode	4	1.08629	118.854	128.123	35	128.123	35
205	decode	4	1.08315	118.506	128.123	35	128.123	35
206	decode	4	1.08564	118.774	128.123	35	128.123	35
207	decode	4	1.08506	118.706	118.919	35	118.919	35
208	decode	4	1.08632	118.84	118.919	35	118.919	35
209	decode	4	1.0816	118.318	118.919	35	118.919	35
210	decode	4	1.09013	119.248	114.792	35	114.792	35
211	decode	4	1.08735	118.938	114.792	35	114.792	35
212	decode	4	1.08702	118.898	114.792	35	114.792	35
213	decode	4	1.08638	118.823	118.71	35	118.71	35
214	decode	4	1.08984	119.198	118.71	35	118.71	35
215	decode	4	1.08778	118.967	118.942	35	119.637	35
216	decode	4	1.08764	118.948	119.637	35	119.637	35
217	decode	4	1.08639	118.807	119.637	35	119.637	35
218	decode	4	1.03518	113.203	119.936	35	120.835	35
219	decode	4	1.08961	119.15	120.835	35	120.835	35
220	decode	4	1.08572	118.72	120.835	35	120.835	35
221	decode	4	1.0868	118.833	122.159	35	124.807	35
222	decode	4	1.08848	119.013	124.807	35	124.807	35
223	decode	4	1.08798	118.953	124.807	35	124.807	35
224	decode	4	1.00554	109.937	125.714	35	127.527	35
225	decode	4	1.0586	115.733	127.527	35	127.527	35
226	decode	4	1.08609	118.733	127.527	35	127.527	35
227	decode	4	1.08284	118.374	123.591	35	127.527	35
228	decode	4	1.08323	118.412	115.719	35	115.719	35
229	decode	4	1.08254	118.333	115.719	35	115.719	35
230	decode	4	1.08346	118.429	117.932	34.6667	122.357	35
231	decode	4	1.08581	118.681	122.357	34	122.357	34
232	decode	4	1.08587	118.682	122.357	34	122.357	34
233	decode	4	1.07381	117.361	119.597	34	122.357	34
234	decode	4	1.04794	114.528	114.078	34	114.078	34
235	decode	4	1.08277	118.331	114.078	34	114.078	34
236	decode	4	1.08704	118.793	115.622	34.3333	118.71	35
237	decode	4	1.03524	113.128	118.71	35	118.71	35
238	decode	4	1.08428	118.483	118.71	35	118.71	35
239	decode	4	1.08502	118.558	119.274	35	119.838	35
240	decode	4	1.08712	118.784	119.838	35	119.838	35
241	decode	4	1.07568	117.529	119.838	35	119.838	35
242	decode	4	1.08165	118.177	118.454	35	119.838	35
243	decode	4	1.0542	115.174	117.992	35	117.992	35
244	decode	4	1.08419	118.446	117.992	35	117.992	35
245	decode	4	1.08367	118.385	114.902	35	117.992	35
246	decode	4	1.0804	118.023	113.872	35	113.872	35
247	decode	4	1.08304	118.306	113.872	35	113.872	35
248	decode	4	1.07025	116.905	110.69	35	113.872	35
249	decode	4	1.07623	117.555	109.629	35	109.629	35
250	decode	4	1.08551	118.563	109.629	35	109.629	35
251	decode	4	1.08674	118.694	121.961	35	121.961	35
252	decode	4	1.06709	116.542	121.961	35	121.961	35
253	decode	4	1.08404	118.389	121.961	35	121.961	35
254	decode	4	1.08448	118.433	124.948	35	124.948	35
