0	prefill	201.403	10.4058	1344.43	14.3313	79.8333	15.419	98
1	decode	4	0.510971	56.3373	14.5488	93.6	14.628	97
2	decode	4	0.513931	56.6615	14.232	93.75	14.232	97
3	decode	4	0.498043	54.9078	13.837	88.6	13.837	96
4	decode	4	0.508153	56.0202	13.837	92.75	13.837	97
5	decode	4	0.509561	56.1733	13.442	94.6	13.442	96
6	decode	4	0.509611	56.1767	13.442	92.25	13.442	97
7	decode	4	0.507881	55.9839	13.3628	93.6	13.442	96
8	decode	4	0.502367	55.3739	13.046	88	13.046	96
9	decode	4	0.507097	55.8932	13.046	92.25	13.046	96
10	decode	4	0.503704	55.5171	13.046	94	13.046	97
11	decode	4	0.495796	54.6434	12.809	88.8	13.046	96
12	decode	4	0.506796	55.8537	12.651	93.25	12.651	96
13	decode	4	0.507196	55.8957	12.651	93.8	12.651	97
14	decode	4	0.508427	56.0292	12.652	92.6	12.656	97
15	decode	4	0.507094	55.8801	12.651	92.4	12.651	97
16	decode	4	0.506405	55.8021	12.651	93.25	12.651	96
17	decode	4	0.509541	56.1455	12.651	94.4	12.651	97
18	decode	4	0.509794	56.1713	12.651	94.6	12.651	97
19	decode	4	0.506668	55.8247	12.651	91.6	12.651	97
20	decode	4	0.50846	56.02	12.651	92.25	12.651	96
21	decode	4	0.503414	55.462	12.335	92	12.651	96
22	decode	4	0.5028	55.3922	12.335	92.6	12.651	96
23	decode	4	0.502953	55.407	12.256	89.6	12.256	97
24	decode	4	0.506898	55.8395	12.256	91.75	12.256	96
25	decode	4	0.510534	56.2379	12.256	94.4	12.256	97
26	decode	4	0.505406	55.6709	12.256	90	12.256	97
27	decode	4	0.50671	55.8124	12.256	93	12.256	96
28	decode	4	0.506898	55.831	12.256	94.2	12.256	97
29	decode	4	0.508157	55.9676	12.335	91.2	12.651	96
30	decode	4	0.509357	56.0976	12.414	90.8	12.651	96
31	decode	4	0.510393	56.2096	12.3547	91	12.651	96
32	decode	4	0.508114	55.9564	12.256	93.25	12.256	96
33	decode	4	0.507335	55.8686	12.256	94	12.256	97
34	decode	4	0.448953	49.4376	12.256	83.6667	12.256	97
35	decode	4	0.510869	56.2535	12.256	91.25	12.256	96
36	decode	4	0.508574	55.9987	12.256	94.2	12.256	97
37	decode	4	0.506182	55.7332	12.256	89.75	12.256	96
38	decode	4	0.507695	55.8977	12.256	94.6	12.256	97
39	decode	4	0.508463	55.9801	12.256	93	12.256	97
40	decode	4	0.508258	55.9554	12.256	93.25	12.256	96
41	decode	4	0.508233	55.9505	12.256	91.2	12.256	96
42	decode	4	0.508503	55.9781	12.256	91.2	12.256	96
43	decode	4	0.508693	55.997	12.256	90.2	12.256	96
44	decode	4	0.504916	55.579	12.256	88.8	12.256	97
45	decode	4	0.50059	55.1008	12.256	89	12.256	96
46	decode	4	0.506705	55.7717	12.256	93.6	12.256	97
47	decode	4	0.50786	55.8967	12.256	94	12.256	97
48	decode	4	0.511268	56.2697	12.256	94	12.256	97
49	decode	4	0.503489	55.4115	12.256	88.8	12.256	96
50	decode	4	0.508213	55.9293	12.256	89.4	12.256	97
51	decode	4	0.511164	56.2518	12.414	91.2	12.651	96
52	decode	4	0.510026	56.1245	12.4535	90.5	12.651	97
53	decode	4	0.503871	55.4451	12.335	94	12.651	97
54	decode	4	0.51195	56.332	12.256	94.6	12.256	97
55	decode	4	0.508168	55.9137	12.493	92.6	12.651	97
56	decode	4	0.502744	55.3148	12.414	90.6	12.651	97
57	decode	4	0.508278	55.9215	12.5523	92.75	12.651	96
58	decode	4	0.507331	55.8153	12.651	94.4	12.651	97
59	decode	4	0.508784	55.973	12.572	91.6	12.651	96
60	decode	4	0.50933	56.031	12.572	91.2	12.651	97
61	decode	4	0.510142	56.1181	12.651	91.75	12.651	96
62	decode	4	0.50831	55.9145	12.651	94.6	12.651	97
63	decode	4	0.509187	56.0089	12.651	89.75	12.651	96
64	decode	4	0.501988	55.2149	12.651	93	12.651	97
65	decode	4	0.505628	55.6132	12.651	94.2	12.651	97
66	decode	4	0.505269	55.5716	12.651	90.8	12.651	97
67	decode	4	0.507706	55.8375	12.651	93.25	12.651	96
68	decode	4	0.501153	55.1148	12.651	89	12.651	96
69	decode	4	0.506429	55.6928	12.256	89.8	12.256	97
70	decode	4	0.509575	56.0367	12.3547	91	12.651	96
71	decode	4	0.506028	55.6445	12.493	94	12.651	97
72	decode	4	0.5081	55.8703	12.335	94	12.651	97
73	decode	4	0.504839	55.5096	12.256	93.8	12.256	96
74	decode	4	0.506815	55.7248	12.256	94.4	12.256	97
75	decode	4	0.50873	55.9332	12.256	91.6	12.256	96
76	decode	4	0.51125	56.2081	12.335	93.8	12.651	96
77	decode	4	0.509359	55.9981	12.414	94.4	12.651	97
78	decode	4	0.511423	56.2229	12.493	94	12.651	96
79	decode	4	0.508736	55.9254	12.651	91.6	12.651	97
80	decode	4	0.50891	55.9424	12.651	93.2	12.651	96
81	decode	4	0.507916	55.831	12.5523	90	12.651	96
82	decode	4	0.510703	56.1352	12.414	94.8	12.651	97
83	decode	4	0.507762	55.8098	12.335	94	12.651	97
84	decode	4	0.505989	55.6129	12.493	94.6	12.651	97
85	decode	4	0.506345	55.6499	12.335	93.4	12.651	96
86	decode	4	0.507109	55.7317	12.256	93.8	12.256	96
87	decode	4	0.504612	55.4552	12.256	94	12.256	97
88	decode	4	0.508051	55.8311	12.256	93.5	12.256	96
89	decode	4	0.50485	55.4772	12.256	93.6	12.256	97
90	decode	4	0.504363	55.4217	12.256	93.8	12.256	97
91	decode	4	0.507335	55.7461	12.256	94	12.256	97
92	decode	4	0.507105	55.7187	12.256	94.4	12.256	98
93	decode	4	0.509633	55.9943	12.256	94.4	12.256	98
94	decode	4	0.507828	55.794	12.256	89.4	12.256	97
95	decode	4	0.501866	55.1368	12.256	88.2	12.256	96
96	decode	4	0.501806	55.1281	12.256	89.4	12.256	97
97	decode	4	0.508556	55.8676	12.256	92.25	12.256	97
98	decode	4	0.506152	55.6013	12.572	94.2	12.651	97
99	decode	4	0.509981	56.0199	12.651	91.8	12.651	96
100	decode	4	0.508276	55.8305	12.651	90	12.651	97
101	decode	4	0.501426	55.076	12.651	92.25	12.651	96
102	decode	4	0.50709	55.696	12.651	94	12.651	97
103	decode	4	0.507528	55.742	12.572	92	12.651	96
104	decode	4	0.505916	55.5628	12.572	90.2	12.651	97
105	decode	4	0.509317	55.9343	12.3547	92.5	12.651	97
106	decode	4	0.50046	54.9594	12.493	88.8	12.651	97
107	decode	4	0.509209	55.9182	12.651	93	12.651	96
108	decode	4	0.50367	55.3079	12.651	89.6	12.651	96
109	decode	4	0.50741	55.7164	12.652	93	12.656	96
110	decode	4	0.505809	55.5385	12.652	93	12.656	96
111	decode	4	0.508608	55.8437	12.651	93.6	12.651	96
112	decode	4	0.511624	56.1728	12.651	93	12.651	96
113	decode	4	0.503892	55.3218	12.651	89.8	12.651	97
114	decode	4	0.504588	55.3961	12.651	93	12.651	96
115	decode	4	0.508981	55.8762	12.493	90.4	12.651	96
116	decode	4	0.507115	55.6693	12.572	90.2	12.651	96
117	decode	4	0.507683	55.7295	12.5523	93	12.651	96
118	decode	4	0.508692	55.8381	12.575	93.6	12.656	96
119	decode	4	0.504987	55.4294	12.572	91.8	12.651	97
120	decode	4	0.509601	55.9337	12.5523	91.25	12.651	96
121	decode	4	0.510069	55.983	12.651	94.2	12.651	97
122	decode	4	0.502784	55.1813	12.651	89.4	12.651	97
123	decode	4	0.511209	56.1038	12.651	93.5	12.651	96
124	decode	4	0.510437	56.017	12.653	89.8	12.656	96
125	decode	4	0.510382	56.0088	12.653	89.8	12.656	97
126	decode	4	0.511532	56.1329	12.651	94	12.651	96
127	decode	4	0.509038	55.8571	12.651	93.6	12.651	97
128	decode	4	0.50978	55.9364	12.651	90.8	12.651	97
129	decode	4	0.511501	56.1232	12.651	94	12.651	97
130	decode	4	0.508412	55.7821	12.651	91.2	12.651	97
131	decode	4	0.503445	55.2351	12.651	91.5	12.651	96
132	decode	4	0.507587	55.6874	12.651	91.6	12.651	97
133	decode	4	0.507541	55.6803	12.651	92.75	12.651	96
134	decode	4	0.506001	55.5092	12.651	91.2	12.651	96
135	decode	4	0.508122	55.7399	12.651	92.25	12.651	96
136	decode	4	0.50901	55.8352	12.651	94.2	12.651	96
137	decode	4	0.510635	56.0113	12.651	91.2	12.651	96
138	decode	4	0.505076	55.3994	12.651	91.8	12.651	96
139	decode	4	0.511797	56.1345	12.651	90.8	12.651	96
140	decode	4	0.510059	55.9418	12.651	92	12.651	96
141	decode	4	0.510679	56.0076	12.651	90.4	12.651	97
142	decode	4	0.509716	55.9	12.651	93.25	12.651	96
143	decode	4	0.510034	55.9327	12.651	89	12.651	96
144	decode	4	0.506765	55.5721	12.651	94.4	12.651	97
145	decode	4	0.506294	55.5183	12.651	91.8	12.651	97
146	decode	4	0.508205	55.7258	12.651	93.25	12.651	96
147	decode	4	0.509502	55.8659	12.651	90	12.651	96
148	decode	4	0.51017	55.937	12.651	94.2	12.651	97
149	decode	4	0.514364	56.3948	12.651	94.6	12.651	96
150	decode	4	0.50967	55.878	12.651	92.4	12.651	97
151	decode	4	0.507054	55.5891	12.651	92.75	12.651	97
152	decode	4	0.505051	55.3674	12.651	93.2	12.651	96
153	decode	4	0.504954	55.3547	12.651	93.75	12.651	96
154	decode	4	0.512033	56.1287	12.651	94.2	12.651	97
155	decode	4	0.509118	55.807	12.651	89.8	12.651	96
156	decode	4	0.515409	56.4944	12.651	93.2	12.651	96
157	decode	4	0.514885	56.4348	12.651	90.4	12.651	97
158	decode	4	0.510806	55.9856	12.651	93	12.651	96
159	decode	4	0.511623	56.0731	12.651	94.8	12.651	97
160	decode	4	0.508375	55.715	12.651	93	12.651	97
161	decode	4	0.509549	55.8416	12.651	94	12.651	96
162	decode	4	0.508141	55.6851	12.651	91	12.651	97
163	decode	4	0.508889	55.765	12.651	94	12.651	96
164	decode	4	0.505851	55.4301	12.651	94.4	12.651	97
165	decode	4	0.505506	55.3902	12.651	89.5	12.651	96
166	decode	4	0.5099	55.8695	12.651	94	12.651	97
167	decode	4	0.508617	55.7268	12.651	94.8	12.651	97
168	decode	4	0.512726	56.1749	12.651	95	12.651	97
169	decode	4	0.515717	56.5005	12.651	94.4	12.651	96
170	decode	4	0.51377	56.2851	12.651	92.5	12.651	96
171	decode	4	0.508215	55.6744	12.651	94.4	12.651	97
172	decode	4	0.503358	55.1402	12.651	89.8	12.651	97
173	decode	4	0.509973	55.8627	12.651	93.75	12.651	96
174	decode	4	0.512729	56.1626	12.651	90.8	12.651	97
175	decode	4	0.510817	55.951	12.651	93.75	12.651	96
176	decode	4	0.503989	55.201	12.651	90.6	12.651	97
177	decode	4	0.508893	55.736	12.651	93.75	12.651	97
178	decode	4	0.510632	55.9244	12.651	93.6	12.651	97
179	decode	4	0.511911	56.0623	12.651	90.25	12.651	96
180	decode	4	0.51107	55.9682	12.651	94.6	12.651	97
181	decode	4	0.513776	56.2624	12.651	95	12.651	97
182	decode	4	0.502645	55.0414	12.651	92.8	12.651	96
183	decode	4	0.514513	56.3388	12.651	95	12.651	97
184	decode	4	0.516105	56.511	12.651	93.8	12.651	97
185	decode	4	0.511681	56.0245	12.651	90.4	12.651	96
186	decode	4	0.501295	54.8853	12.651	90.5	12.651	96
187	decode	4	0.508919	55.7179	12.651	94.2	12.651	97
188	decode	4	0.514806	56.3603	12.651	92.2	12.651	96
189	decode	4	0.514365	56.3099	12.651	88.75	12.651	96
190	decode	4	0.505832	55.3737	12.651	93.5	12.651	97
191	decode	4	0.498931	54.6161	12.651	90.4	12.651	96
192	decode	4	0.512939	56.1474	12.651	91.2	12.651	96
193	decode	4	0.514512	56.3175	12.651	93.25	12.651	96
194	decode	4	0.509158	55.7294	12.651	94.2	12.651	97
195	decode	4	0.510148	55.8356	12.651	92.75	12.651	96
196	decode	4	0.512853	56.1296	12.651	94.6	12.651	96
197	decode	4	0.509839	55.7976	12.651	90.8	12.651	96
198	decode	4	0.510797	55.9003	12.651	92.75	12.651	96
199	decode	4	0.508998	55.7014	12.651	93.2	12.651	96
200	decode	4	0.507059	55.4871	12.651	93.6	12.651	97
201	decode	4	0.503674	55.1146	12.651	90.8	12.651	96
202	decode	4	0.508731	55.6659	12.651	89.75	12.651	97
203	decode	4	0.510655	55.8743	12.651	93.75	12.651	96
204	decode	4	0.512429	56.0662	12.651	94.4	12.651	97
205	decode	4	0.513524	56.1839	12.651	91.6	12.651	96
206	decode	4	0.495528	54.2131	12.651	90	12.651	96
207	decode	4	0.508352	55.6139	12.651	92	12.651	97
208	decode	4	0.515282	56.37	12.651	95	12.651	97
209	decode	4	0.504269	55.163	12.651	94.4	12.651	97
210	decode	4	0.503644	55.0926	12.651	87.8	12.651	96
211	decode	4	0.502602	54.9766	12.651	90.5	12.651	97
212	decode	4	0.504599	55.193	12.651	92.2	12.651	96
213	decode	4	0.513586	56.1738	12.651	92.8	12.651	97
214	decode	4	0.504919	55.2238	12.651	90	12.651	96
215	decode	4	0.512976	56.1029	12.651	94.25	12.651	97
216	decode	4	0.502382	54.9422	12.651	90.6	12.651	96
217	decode	4	0.509397	55.7073	12.651	92.25	12.651	97
218	decode	4	0.513415	56.1445	12.651	91	12.651	96
219	decode	4	0.512224	56.0122	12.651	90.4	12.651	97
220	decode	4	0.509693	55.7333	12.651	93.25	12.651	96
221	decode	4	0.504282	55.1396	12.651	89.8	12.651	97
222	decode	4	0.509506	55.7087	12.651	93.25	12.651	96
223	decode	4	0.509338	55.6882	12.651	93.4	12.651	97
224	decode	4	0.510341	55.7959	12.651	92.6	12.651	97
225	decode	4	0.510106	55.768	12.651	94	12.651	97
226	decode	4	0.50213	54.894	12.651	87.8	12.651	96
227	decode	4	0.511663	55.9341	12.651	90.6	12.651	96
228	decode	4	0.503615	55.0522	12.651	89.6	12.651	96
229	decode	4	0.509789	55.725	12.651	92.2	12.651	97
230	decode	4	0.508398	55.5709	12.651	93	12.651	97
231	decode	4	0.507539	55.4749	12.651	93	12.651	96
232	decode	4	0.509462	55.683	12.651	91.6	12.651	96
233	decode	4	0.504845	55.1762	12.651	90.6	12.651	96
234	decode	4	0.510598	55.8029	12.651	92.75	12.651	96
235	decode	4	0.513394	56.1064	12.651	93.4	12.651	96
236	decode	4	0.510676	55.8073	12.651	90.5	12.651	95
237	decode	4	0.51032	55.7663	12.651	93.25	12.651	96
238	decode	4	0.506465	55.3429	12.651	91	12.651	96
239	decode	4	0.505569	55.2429	12.651	93.8	12.651	96
240	decode	4	0.50865	55.5774	12.651	91	12.651	97
241	decode	4	0.512638	56.0111	12.651	94.6	12.651	97
242	decode	4	0.510949	55.8245	12.651	92.4	12.651	97
243	decode	4	0.510539	55.7776	12.651	92.25	12.651	97
244	decode	4	0.510141	55.732	12.651	93.75	12.651	97
245	decode	4	0.506552	55.3379	12.651	90.6	12.651	96
246	decode	4	0.505803	55.254	12.651	92.2	12.651	97
247	decode	4	0.50915	55.6175	12.651	93.2	12.651	96
248	decode	4	0.5101	55.7191	12.651	92.5	12.651	96
249	decode	4	0.504051	55.0563	12.651	92.4	12.651	96
250	decode	4	0.5157	56.3267	12.651	94.8	12.651	97
251	decode	4	0.518427	56.6224	12.651	94.4	12.651	97
252	decode	4	0.511261	55.8376	12.651	92.25	12.651	96
253	decode	4	0.509996	55.6973	12.651	91.5	12.651	96
254	decode	4	0.505717	55.228	12.651	92.25	12.651	96
