0	prefill	784.732	12.4836	2051.59	22.6229	77.2222	26.093	98
1	decode	7.79923	0.590974	81.4301	23.1187	52	23.712	79
2	decode	7.79924	0.655951	90.3784	21.9335	56.75	22.131	79
3	decode	7.79925	0.679573	93.628	21.0767	53.3333	21.34	59
4	decode	7.79926	0.714742	98.468	20.2867	64	20.55	81
5	decode	7.79927	0.741647	102.169	19.8917	65.6667	20.155	83
6	decode	7.79928	0.785425	108.194	19.2323	67.3333	19.364	82
7	decode	7.79929	0.811606	111.795	18.8373	70.6667	18.969	85
8	decode	7.7993	0.795574	109.58	18.447	70	18.581	86
9	decode	7.79931	0.817835	112.64	18.186	69.6667	18.186	82
10	decode	7.79932	0.825178	113.646	17.791	69.6667	17.791	78
11	decode	7.79933	0.842377	116.008	17.527	71.3333	17.791	78
12	decode	7.79934	0.831234	114.467	17.395	67.5	17.395	69
13	decode	7.79935	0.856693	117.967	17	74.6667	17	86
14	decode	7.79936	0.851986	117.312	17	73	17	79
15	decode	7.79937	0.869398	119.703	16.605	69	16.605	69
16	decode	7.79939	0.868425	119.563	16.605	75	16.605	80
17	decode	7.7994	0.883897	121.686	16.605	71.5	16.605	72
18	decode	7.79941	0.872676	120.135	16.605	75.3333	16.605	84
19	decode	7.79942	0.888288	122.278	16.209	72	16.209	73
20	decode	7.79943	0.884745	121.783	16.209	76	16.209	85
21	decode	7.79944	0.903384	124.342	16.209	72.5	16.209	73
22	decode	7.79945	0.889093	122.369	16.209	71.5	16.209	72
23	decode	7.79946	0.894346	123.085	16.209	78.6667	16.209	89
24	decode	7.79947	0.91867	126.426	16.0115	74	16.209	76
25	decode	7.79948	0.893917	123.012	15.814	78.3333	15.814	90
26	decode	7.79949	0.915379	125.959	15.814	74.5	15.814	75
27	decode	7.7995	0.896068	123.295	15.818	78	15.82	90
28	decode	7.79951	0.863906	118.863	15.814	69.5	15.814	71
29	decode	7.79952	0.819726	112.779	15.814	73	15.814	87
30	decode	7.79953	0.837065	115.158	15.814	69.3333	15.814	76
31	decode	7.79954	0.846292	116.421	15.5507	72.3333	15.814	80
32	decode	7.79955	0.8658	119.098	15.422	69.5	15.425	70
33	decode	7.79956	0.844018	116.096	15.425	74	15.425	79
34	decode	7.79958	0.868872	119.508	15.425	69.5	15.425	70
35	decode	7.79959	0.866887	119.228	15.423	76	15.425	82
36	decode	7.7996	0.872108	119.94	15.425	70	15.425	70
37	decode	7.79961	0.861864	118.525	15.425	69	15.425	70
38	decode	7.79962	0.875353	120.373	15.425	76	15.425	85
39	decode	7.79963	0.878583	120.811	15.425	70	15.425	70
40	decode	7.79964	0.886994	121.961	15.425	76.3333	15.425	87
41	decode	7.79965	0.877928	120.708	15.425	69	15.425	69
42	decode	7.79966	0.887678	122.042	15.425	77	15.425	88
43	decode	7.79967	0.883999	121.529	15.422	70	15.425	70
44	decode	7.79968	0.901204	123.888	15.425	78.6667	15.425	89
45	decode	7.79969	0.888165	122.089	15.422	71	15.425	71
46	decode	7.7997	0.884663	121.601	15.421	81	15.425	88
47	decode	7.79971	0.895936	123.144	15.419	73	15.419	74
48	decode	7.79972	0.880393	121.001	15.419	70	15.419	71
49	decode	7.79973	0.888511	122.11	15.419	77.6667	15.419	89
50	decode	7.79974	0.896018	123.135	15.419	72.5	15.419	73
51	decode	7.79976	0.892515	122.647	15.419	77.6667	15.419	88
52	decode	7.79977	0.885917	121.734	15.419	70.5	15.419	72
53	decode	7.79978	0.90073	123.763	15.419	79	15.419	89
54	decode	7.79979	0.895178	122.993	15.419	71.5	15.419	72
55	decode	7.7998	0.897069	123.246	15.419	77.6667	15.419	89
56	decode	7.79981	0.897221	123.26	15.419	71.5	15.419	72
57	decode	7.79982	0.901482	123.839	15.421	78.3333	15.425	89
58	decode	7.79983	0.874915	120.183	15.419	71	15.419	72
59	decode	7.79984	0.893077	122.671	15.419	79.6667	15.419	88
60	decode	7.79985	0.893767	122.759	15.419	72	15.419	72
61	decode	7.79986	0.88946	122.161	15.419	77.3333	15.419	88
62	decode	7.79987	0.89985	123.582	15.419	71	15.419	71
63	decode	7.79988	0.891302	122.401	15.419	78.3333	15.419	89
64	decode	7.79989	0.883584	121.335	15.419	70	15.419	71
65	decode	7.7999	0.895163	122.918	15.419	79.6667	15.419	88
66	decode	7.79991	0.887111	121.806	15.419	71.5	15.419	72
67	decode	7.79992	0.885131	121.527	15.419	80	15.419	90
68	decode	7.79993	0.894687	122.833	15.419	72	15.419	73
69	decode	7.79994	0.895395	122.923	15.419	78.6667	15.419	85
70	decode	7.79996	0.891208	122.342	15.419	73	15.419	74
71	decode	7.79997	0.882767	121.177	15.419	70	15.419	70
72	decode	7.79998	0.877356	120.427	15.419	77.3333	15.419	89
73	decode	7.79999	0.883941	121.325	15.419	70.5	15.419	71
74	decode	7.8	0.881512	120.985	15.419	78.6667	15.419	89
75	decode	7.80001	0.892468	122.482	15.419	73	15.419	73
76	decode	7.80002	0.894221	122.716	15.419	79	15.419	90
77	decode	7.80003	0.88217	121.055	15.419	70.5	15.419	72
78	decode	7.80004	0.885799	121.547	15.419	81	15.419	88
79	decode	7.80005	0.895153	122.824	15.419	77	15.419	81
80	decode	7.80006	0.905283	124.207	15.419	75	15.419	78
81	decode	7.80007	0.893676	122.608	15.419	73	15.419	74
82	decode	7.80008	0.888313	121.865	15.419	81	15.419	89
83	decode	7.80009	0.895057	122.784	15.6165	81	15.814	82
84	decode	7.8001	0.877605	120.384	15.814	81	15.814	87
85	decode	7.80011	0.884568	121.332	16.0773	88.6667	16.209	96
86	decode	7.80012	0.864827	118.618	16.209	86.5	16.209	89
87	decode	7.80013	0.881533	120.903	16.407	83	16.605	89
88	decode	7.80014	0.874772	119.969	16.7367	91.6667	17	96
89	decode	7.80016	0.874278	119.895	17	88.5	17	93
90	decode	7.80017	0.873954	119.844	17.2633	94	17.395	97
91	decode	7.80018	0.862127	118.216	17.395	89.5	17.395	92
92	decode	7.80019	0.86714	118.897	17.527	86.3333	17.791	95
93	decode	7.8002	0.894521	122.644	17.593	81.5	17.791	86
94	decode	7.80021	0.884347	121.243	17.791	84	17.791	95
95	decode	7.80022	0.884399	121.244	17.791	79.5	17.791	83
96	decode	7.80023	0.883035	121.05	17.791	91.5	17.791	94
97	decode	7.80024	0.875817	120.054	17.9227	92	18.186	96
98	decode	7.80025	0.88163	120.844	18.186	88.5	18.186	93
99	decode	7.80026	0.876936	120.195	18.3177	93.3333	18.581	96
100	decode	7.80027	0.875597	120.004	18.3835	91.5	18.581	95
101	decode	7.80028	0.892761	122.35	18.581	84	18.581	89
102	decode	7.80029	0.896933	122.915	18.581	88.3333	18.581	95
103	decode	7.8003	0.897786	123.026	18.581	78	18.581	82
104	decode	7.80031	0.876354	120.082	18.581	84	18.581	94
105	decode	7.80032	0.885524	121.332	18.581	90	18.581	92
106	decode	7.80033	0.88911	121.817	18.581	82.5	18.581	85
107	decode	7.80034	0.898192	123.055	18.713	91	18.977	95
108	decode	7.80035	0.89349	122.404	18.581	84.5	18.581	86
109	decode	7.80037	0.894456	122.53	18.581	85	18.581	91
110	decode	7.80038	0.878602	120.351	18.779	89.5	18.977	95
111	decode	7.80039	0.887374	121.547	18.845	86	18.977	94
112	decode	7.8004	0.876871	120.101	18.581	81	18.581	84
113	decode	7.80041	0.879326	120.431	18.713	89.6667	18.977	93
114	decode	7.80042	0.874953	119.826	18.779	83	18.977	87
115	decode	7.80043	0.885719	121.294	18.977	92.3333	18.977	95
116	decode	7.80044	0.878116	120.246	18.977	90	18.977	93
117	decode	7.80045	0.871378	119.317	18.977	83.5	18.977	87
118	decode	7.80046	0.854759	117.035	19.1087	93.3333	19.372	95
119	decode	7.80047	0.818413	112.052	19.1745	87.5	19.372	93
120	decode	7.80048	0.848536	116.17	19.372	93	19.372	97
121	decode	7.80049	0.863047	118.151	19.372	84.5	19.372	89
122	decode	7.8005	0.874205	119.672	19.372	89.3333	19.372	96
123	decode	7.80051	0.874916	119.763	19.372	87.5	19.372	88
124	decode	7.80052	0.855759	117.134	19.372	82.5	19.372	90
125	decode	7.80053	0.813772	111.381	19.57	93	19.768	95
126	decode	7.80054	0.829365	113.509	19.768	89.3333	19.768	96
127	decode	7.80055	0.823765	112.737	19.768	92.5	19.768	95
128	decode	7.80056	0.80571	110.26	19.8997	88.3333	20.163	96
129	decode	7.80057	0.84343	115.415	20.163	93	20.163	95
130	decode	7.80058	0.816959	111.787	20.163	88.5	20.163	94
131	decode	7.8006	0.810628	110.915	20.163	91.6667	20.163	95
132	decode	7.80061	0.818564	111.995	20.2947	88	20.558	95
133	decode	7.80062	0.797981	109.173	20.3605	90.5	20.558	94
134	decode	7.80063	0.815648	111.584	20.558	94	20.558	97
135	decode	7.80064	0.828975	113.401	20.558	90	20.558	94
136	decode	7.80065	0.806572	110.33	20.558	94	20.558	97
137	decode	7.80066	0.819229	112.056	20.558	85.5	20.558	93
138	decode	7.80067	0.838402	114.672	20.822	93.6667	20.954	96
139	decode	7.80068	0.792554	108.395	20.756	90.5	20.954	94
140	decode	7.80069	0.812792	111.157	20.954	94	20.954	97
141	decode	7.8007	0.829522	113.439	20.954	88.6667	20.954	95
142	decode	7.80071	0.849723	116.195	20.954	91	20.954	93
143	decode	7.80072	0.827434	113.141	20.954	89.3333	20.954	95
144	decode	7.80073	0.801324	109.565	20.954	89	20.954	94
145	decode	7.80074	0.807685	110.429	20.954	94	20.954	96
146	decode	7.80075	0.798294	109.139	20.954	89.3333	20.954	96
147	decode	7.80076	0.839717	114.796	20.954	90	20.954	92
148	decode	7.80077	0.83323	113.903	20.954	85.6667	20.954	89
149	decode	7.80078	0.808524	110.52	20.9495	84.5	20.954	91
150	decode	7.80079	0.797122	108.955	20.951	93.3333	20.954	97
151	decode	7.8008	0.828596	113.251	20.954	88.6667	20.954	94
152	decode	7.80081	0.800824	109.45	20.954	92.5	20.954	95
153	decode	7.80083	0.809721	110.66	20.954	93	20.954	95
154	decode	7.80084	0.805908	110.133	20.954	86.5	20.954	90
155	decode	7.80085	0.846578	115.684	20.954	93	20.954	95
156	decode	7.80086	0.809699	110.639	20.954	88	20.954	93
157	decode	7.80087	0.840252	114.808	21.0857	94	21.349	96
158	decode	7.80088	0.800828	109.415	20.954	90.5	20.954	94
159	decode	7.80089	0.775503	105.949	21.2173	94.3333	21.349	97
160	decode	7.8009	0.792907	108.321	21.349	94.3333	21.349	97
161	decode	7.80091	0.744354	101.683	21.349	94.6667	21.349	97
162	decode	7.80092	0.757672	103.496	21.349	94	21.349	96
163	decode	7.80093	0.808942	110.494	21.4807	94.3333	21.744	97
164	decode	7.80094	0.779436	106.458	21.4807	90	21.744	96
165	decode	7.80095	0.761869	104.053	21.5465	92.5	21.744	95
166	decode	7.80096	0.744006	101.608	21.744	93.3333	21.744	96
167	decode	7.80097	0.751949	102.687	21.744	94	21.744	97
168	decode	7.80098	0.775265	105.866	21.744	88	21.744	94
169	decode	7.80099	0.75498	103.09	21.744	89	21.744	95
170	decode	7.801	0.740451	101.101	21.744	89	21.744	94
171	decode	7.80101	0.758913	103.616	21.876	94	22.14	97
172	decode	7.80102	0.768105	104.865	21.876	94.3333	22.14	97
173	decode	7.80103	0.767911	104.833	21.876	87	22.14	95
174	decode	7.80104	0.764022	104.297	21.942	89	22.14	94
175	decode	7.80105	0.809374	110.482	21.876	88.6667	22.14	96
176	decode	7.80107	0.77471	105.744	21.744	93	21.744	95
177	decode	7.80108	0.777087	106.063	21.744	85	21.744	92
178	decode	7.80109	0.758475	103.517	21.744	94	21.744	97
179	decode	7.8011	0.750017	102.357	21.744	94	21.744	97
180	decode	7.80111	0.768164	104.828	21.876	92	22.14	95
181	decode	7.80112	0.759355	103.621	21.876	93.3333	22.14	96
182	decode	7.80113	0.761244	103.873	21.876	91.3333	22.14	95
183	decode	7.80114	0.779077	106.3	21.876	89.3333	22.14	95
184	decode	7.80115	0.781086	106.569	21.876	87.3333	22.14	93
185	decode	7.80116	0.801904	109.403	21.744	89.5	21.744	90
186	decode	7.80117	0.797969	108.861	21.744	87.6667	21.744	95
187	decode	7.80118	0.798551	108.934	21.744	92	21.744	95
188	decode	7.80119	0.774782	105.686	21.744	82	21.744	87
189	decode	7.8012	0.766169	104.506	21.4807	86.6667	21.744	95
190	decode	7.80121	0.749765	102.263	21.4807	89	21.744	95
191	decode	7.80122	0.786332	107.244	21.6123	88.6667	21.744	94
192	decode	7.80123	0.796355	108.606	21.6123	90	21.744	96
193	decode	7.80124	0.755266	102.996	21.744	92.5	21.744	95
194	decode	7.80125	0.782443	106.697	21.744	94	21.744	97
195	decode	7.80126	0.762251	103.938	21.744	94	21.744	97
196	decode	7.80127	0.734419	100.137	21.744	94	21.744	97
197	decode	7.80128	0.783322	106.799	21.744	94.3333	21.744	97
198	decode	7.80129	0.731443	99.7208	21.876	91	22.14	95
199	decode	7.8013	0.742201	101.182	21.876	94	22.14	97
200	decode	7.80131	0.770296	105.007	22.008	91.3333	22.14	95
201	decode	7.80133	0.770877	105.08	21.876	90.3333	22.14	93
202	decode	7.80134	0.748525	102.028	21.876	88	22.14	95
203	decode	7.80135	0.742532	101.206	22.008	88.3333	22.14	96
204	decode	7.80136	0.737597	100.528	22.008	86.6667	22.14	95
205	decode	7.80137	0.771397	105.129	22.14	88.5	22.14	93
206	decode	7.80138	0.804104	109.58	22.008	89	22.14	97
207	decode	7.80139	0.777488	105.947	21.744	90.3333	21.744	94
208	decode	7.8014	0.770494	104.989	21.876	88.3333	22.14	96
209	decode	7.80141	0.778839	106.12	21.744	93	21.744	95
210	decode	7.80142	0.754999	102.866	21.876	94.3333	22.14	96
211	decode	7.80143	0.762741	103.916	21.876	88	22.14	96
212	decode	7.80144	0.741282	100.987	21.876	89.6667	22.14	96
213	decode	7.80145	0.760968	103.663	21.876	88.6667	22.14	95
214	decode	7.80146	0.770461	104.95	21.876	86.6667	22.14	95
215	decode	7.80147	0.789701	107.565	21.876	86	22.14	94
216	decode	7.80148	0.785354	106.968	21.744	87.5	21.744	93
217	decode	7.80149	0.768035	104.603	21.744	92.6667	21.744	97
218	decode	7.8015	0.79092	107.714	21.744	93.3333	21.744	95
219	decode	7.80151	0.805217	109.655	21.744	90.3333	21.744	95
220	decode	7.80152	0.806379	109.808	21.744	89.3333	21.744	96
221	decode	7.80153	0.745368	101.494	21.744	92.5	21.744	95
222	decode	7.80154	0.716762	97.5937	21.876	91	22.14	95
223	decode	7.80155	0.757194	103.093	21.876	94.3333	22.14	97
224	decode	7.80156	0.742195	101.046	21.876	94	22.14	97
225	decode	7.80157	0.779025	106.054	21.876	88.3333	22.14	96
226	decode	7.80158	0.774453	105.426	21.744	90.6667	21.744	94
227	decode	7.80159	0.76943	104.737	21.876	94	22.14	97
228	decode	7.80161	0.773187	105.243	21.744	91.6667	21.744	95
229	decode	7.80162	0.79122	107.692	21.744	89	21.744	94
230	decode	7.80163	0.743982	101.257	21.744	90	21.744	95
231	decode	7.80164	0.747972	101.794	21.876	93	22.14	95
232	decode	7.80165	0.770597	104.868	21.876	93.6667	22.14	96
233	decode	7.80166	0.740598	100.78	21.876	94	22.14	97
234	decode	7.80167	0.723825	98.4922	22.14	93.6667	22.14	95
235	decode	7.80168	0.782981	106.536	22.14	93.3333	22.14	96
236	decode	7.80169	0.77352	105.243	22.14	93.6667	22.14	97
237	decode	7.8017	0.745372	101.408	22.008	84	22.14	93
238	decode	7.80171	0.774297	105.337	21.876	86	22.14	95
239	decode	7.80172	0.792316	107.783	21.744	88	21.744	92
240	decode	7.80173	0.796486	108.344	21.744	86.6667	21.744	92
241	decode	7.80174	0.809132	110.059	21.6123	87.6667	21.744	94
242	decode	7.80175	0.811732	110.407	21.349	85.5	21.349	88
243	decode	7.80176	0.758408	103.148	21.478	93	21.736	95
244	decode	7.80177	0.804159	109.365	21.4807	94	21.744	97
245	decode	7.80178	0.770578	104.792	21.6123	88.3333	21.744	95
246	decode	7.80179	0.812873	110.538	21.5465	87	21.744	91
247	decode	7.8018	0.822732	111.873	21.6123	93.6667	21.744	96
248	decode	7.80181	0.792465	107.751	21.4807	89	21.744	96
249	decode	7.80182	0.796799	108.335	21.5465	92	21.744	95
250	decode	7.80183	0.811106	110.274	21.6093	94.3333	21.744	97
251	decode	7.80184	0.781628	106.261	21.6123	89	21.744	96
252	decode	7.80185	0.804241	109.329	21.542	90.5	21.744	95
253	decode	7.80186	0.793842	107.91	21.6123	94.3333	21.744	97
254	decode	7.80187	0.747509	101.606	21.7413	94	21.744	96
