0	prefill	297.495	20.375	1456.11	18.4233	92.4	20.558	98
1	decode	4	0.639204	42.467	18.5812	96	18.977	97
2	decode	4	0.634793	42.1725	17.6588	93	18.186	98
3	decode	4	0.633655	42.0954	16.8025	95.3333	17	97
4	decode	4	0.636489	42.2822	16.209	95	16.209	97
5	decode	4	0.634788	42.1677	15.7482	95.8333	15.814	97
6	decode	4	0.634108	42.1211	15.353	95.5	15.419	98
7	decode	4	0.636942	42.3078	15.023	93	15.023	98
8	decode	4	0.632843	42.0341	14.628	95	14.628	98
9	decode	4	0.636388	42.2682	14.628	94.6667	14.628	97
10	decode	4	0.634504	42.1415	14.3112	95.4	14.628	98
11	decode	4	0.633946	42.103	14.232	95.1667	14.232	97
12	decode	4	0.634527	42.1401	14.232	95.2	14.232	97
13	decode	4	0.633453	42.0674	14.232	93.5	14.232	97
14	decode	4	0.637207	42.3151	13.837	93.8333	13.837	97
15	decode	4	0.633175	42.0459	13.837	93.3333	13.837	97
16	decode	4	0.636903	42.292	13.837	92.1667	13.837	97
17	decode	4	0.636637	42.2729	13.837	94.8	13.837	97
18	decode	4	0.633084	42.0355	13.837	91.8	13.837	98
19	decode	4	0.634729	42.1433	13.837	95.6667	13.837	97
20	decode	4	0.634944	42.1561	13.837	95.8	13.837	97
21	decode	4	0.635476	42.1899	13.837	93.6	13.837	97
22	decode	4	0.634705	42.1373	13.837	95.8333	13.837	98
23	decode	4	0.634206	42.1027	13.837	95.6667	13.837	97
24	decode	4	0.636777	42.2719	13.837	95.8333	13.837	97
25	decode	4	0.635341	42.1751	13.837	94	13.837	97
26	decode	4	0.632968	42.0161	13.837	96.1667	13.837	98
27	decode	4	0.637142	42.2917	13.837	96	13.837	97
28	decode	4	0.637176	42.2925	13.837	92.4	13.837	98
29	decode	4	0.62851	41.7158	13.837	95.5	13.837	97
30	decode	4	0.636361	42.2355	13.837	93.6667	13.837	97
31	decode	4	0.632129	41.9531	13.837	96.3333	13.837	98
32	decode	4	0.633887	42.0683	13.837	91.8333	13.837	98
33	decode	4	0.638466	42.3708	13.837	95.8	13.837	97
34	decode	4	0.635712	42.1865	13.837	94.5	13.837	98
35	decode	4	0.632291	41.958	13.837	92.5	13.837	98
36	decode	4	0.632155	41.9475	13.837	94.5	13.837	97
37	decode	4	0.63325	42.0187	13.837	96	13.837	97
38	decode	4	0.634517	42.1013	13.521	93	13.837	97
39	decode	4	0.635117	42.1397	13.7053	95.6667	13.837	98
40	decode	4	0.634602	42.1041	13.6395	95.3333	13.837	97
41	decode	4	0.634476	42.0943	13.6395	92.1667	13.837	97
42	decode	4	0.636393	42.2199	13.7712	92.3333	13.837	97
43	decode	4	0.635017	42.1272	13.442	95.5	13.442	97
44	decode	4	0.635161	42.1353	13.5737	96	13.837	97
45	decode	4	0.633507	42.0241	13.837	95.4	13.837	97
46	decode	4	0.637147	42.2641	13.7053	95.1667	13.837	97
47	decode	4	0.631032	41.857	13.442	94.6	13.442	97
48	decode	4	0.63726	42.2687	13.6395	95.8333	13.837	98
49	decode	4	0.637124	42.2581	13.837	95.6667	13.837	98
50	decode	4	0.634193	42.0623	13.837	92.5	13.837	98
51	decode	4	0.637399	42.2735	13.837	95.4	13.837	97
52	decode	4	0.635022	42.1144	13.837	95.8333	13.837	98
53	decode	4	0.637038	42.2466	13.837	94.8	13.837	97
54	decode	4	0.631758	41.895	13.837	95.5	13.837	98
55	decode	4	0.633506	42.0094	13.837	92.5	13.837	97
56	decode	4	0.634415	42.0682	13.837	94.5	13.837	97
57	decode	4	0.63772	42.2859	13.837	95.25	13.837	97
58	decode	4	0.633897	42.031	13.837	95.3333	13.837	97
59	decode	4	0.632181	41.9157	13.837	91.8333	13.837	98
60	decode	4	0.633721	42.0164	13.837	95.6667	13.837	98
61	decode	4	0.636849	42.2223	13.837	95.4	13.837	97
62	decode	4	0.633203	41.9791	13.837	95.6667	13.837	97
63	decode	4	0.633705	42.0109	13.837	95.5	13.837	98
64	decode	4	0.633144	41.9723	13.837	96.3333	13.837	97
65	decode	4	0.636006	42.1606	13.837	92.6667	13.837	98
66	decode	4	0.634959	42.0897	13.9028	92.6667	14.232	97
67	decode	4	0.631659	41.8695	13.916	91	14.232	97
68	decode	4	0.628591	41.6647	14.074	95.6	14.232	98
69	decode	4	0.634615	42.0625	14.1333	95	14.232	97
70	decode	4	0.633662	41.9979	14.232	95.2	14.232	97
71	decode	4	0.632941	41.9486	14.232	95.8	14.232	97
72	decode	4	0.636848	42.2061	14.232	96	14.232	98
73	decode	4	0.634136	42.0249	14.232	94.6667	14.232	98
74	decode	4	0.6352	42.094	14.232	95.8571	14.232	98
75	decode	4	0.6348	42.066	14.232	95.5	14.232	97
76	decode	4	0.633826	41.9999	14.232	95.8333	14.232	98
77	decode	4	0.63273	41.9259	14.232	95.2	14.232	97
78	decode	4	0.633465	41.9731	14.232	95.3333	14.232	97
79	decode	4	0.631727	41.8565	14.232	91.6667	14.232	97
80	decode	4	0.633812	41.9932	14.232	95.6667	14.232	97
81	decode	4	0.634889	42.0631	14.232	93	14.232	97
82	decode	4	0.631111	41.8114	14.232	95.6	14.232	98
83	decode	4	0.638615	42.307	14.232	95.5	14.232	97
84	decode	4	0.635548	42.1024	14.232	93.5	14.232	97
85	decode	4	0.636754	42.1808	14.232	95.6	14.232	97
86	decode	4	0.630771	41.783	14.232	95.3333	14.232	97
87	decode	4	0.631717	41.8443	14.1662	95.6667	14.232	97
88	decode	4	0.635449	42.09	14.0345	95.25	14.232	97
89	decode	4	0.638573	42.2954	14.232	95.4	14.232	98
90	decode	4	0.635098	42.0638	14.232	95.2	14.232	98
91	decode	4	0.634254	42.0064	14.232	96	14.232	97
92	decode	4	0.633739	41.9709	14.232	95.8333	14.232	98
93	decode	4	0.638109	42.2588	14.232	95	14.232	97
94	decode	4	0.634066	41.9896	14.232	94.8	14.232	98
95	decode	4	0.636181	42.1282	14.232	96.5	14.232	98
96	decode	4	0.632718	41.8975	14.232	93.8	14.232	97
97	decode	4	0.63767	42.2239	14.232	94.8	14.232	97
98	decode	4	0.631854	41.8373	14.232	94.6667	14.232	98
99	decode	4	0.635512	42.0781	14.232	95.8333	14.232	97
100	decode	4	0.636081	42.1143	14.232	95.8333	14.232	98
101	decode	4	0.638291	42.2591	14.232	92	14.232	97
102	decode	4	0.636706	42.1527	14.1542	92.2	14.238	97
103	decode	4	0.633461	41.9364	13.9028	95.8333	14.232	98
104	decode	4	0.636207	42.1168	13.837	96.1667	13.837	98
105	decode	4	0.633887	41.9617	13.837	95.2	13.837	98
106	decode	4	0.633819	41.9558	13.837	91.8333	13.837	97
107	decode	4	0.63534	42.055	13.837	94.5	13.837	97
108	decode	4	0.630425	41.7282	13.837	96.2	13.837	97
109	decode	4	0.635225	42.0445	13.837	95.6	13.837	98
110	decode	4	0.633773	41.9469	13.837	91.6	13.837	97
111	decode	4	0.636766	42.1436	13.837	94.8571	13.837	98
112	decode	4	0.634251	41.9756	13.837	95.8	13.837	97
113	decode	4	0.633673	41.9359	13.837	95.6667	13.837	97
114	decode	4	0.635598	42.0618	13.837	94.2	13.837	97
115	decode	4	0.637639	42.1954	13.837	95.2	13.837	97
116	decode	4	0.638218	42.2323	13.837	95	13.837	97
117	decode	4	0.63884	42.272	13.837	95.2	13.837	98
118	decode	4	0.63655	42.119	13.837	95.2	13.837	97
119	decode	4	0.636161	42.0918	13.837	91.4	13.837	97
120	decode	4	0.637332	42.1678	13.837	95.8333	13.837	98
121	decode	4	0.635832	42.0672	13.837	95.5	13.837	98
122	decode	4	0.634212	41.9585	13.837	95.8	13.837	97
123	decode	4	0.637688	42.187	13.837	95.2	13.837	97
124	decode	4	0.636092	42.0799	13.837	95.6	13.837	97
125	decode	4	0.634595	41.9794	13.837	95.6	13.837	98
126	decode	4	0.63733	42.1589	13.837	95.6	13.837	97
127	decode	4	0.636246	42.0858	13.837	96	13.837	97
128	decode	4	0.633456	41.8998	13.837	95.8333	13.837	97
129	decode	4	0.637737	42.1815	13.837	95.8	13.837	97
130	decode	4	0.635715	42.0463	13.837	96	13.837	98
131	decode	4	0.632307	41.8194	13.837	92.5	13.837	97
132	decode	4	0.635003	41.9963	13.837	94.6	13.837	97
133	decode	4	0.634876	41.9864	13.837	92.4	13.837	97
134	decode	4	0.637024	42.127	13.837	95.6	13.837	97
135	decode	4	0.633618	41.9003	13.837	95.5	13.837	97
136	decode	4	0.632093	41.798	13.837	93.8	13.837	97
137	decode	4	0.629745	41.6413	13.837	94.5	13.837	97
138	decode	4	0.633371	41.8796	13.837	95.1667	13.837	97
139	decode	4	0.637388	42.1437	13.837	95.2	13.837	97
140	decode	4	0.634875	41.9762	13.837	92.8333	13.837	97
141	decode	4	0.634441	41.946	13.837	95.8333	13.837	98
142	decode	4	0.635763	42.032	13.837	93	13.837	98
143	decode	4	0.634292	41.9333	13.837	95.6667	13.837	98
144	decode	4	0.637331	42.1327	13.837	91.5	13.837	97
145	decode	4	0.635252	41.9938	13.837	94.6	13.837	97
146	decode	4	0.635724	42.0236	13.837	95.3333	13.837	97
147	decode	4	0.636079	42.0456	13.837	93.5	13.837	97
148	decode	4	0.637185	42.1172	13.837	95.8	13.837	97
149	decode	4	0.634507	41.9387	13.837	94.1667	13.837	97
150	decode	4	0.635852	42.0261	13.837	96	13.837	97
151	decode	4	0.629584	41.6105	13.837	91.3333	13.837	97
152	decode	4	0.638517	42.1994	13.837	91.5	13.837	97
153	decode	4	0.635585	42.0041	13.837	95.2	13.837	98
154	decode	4	0.634913	41.9583	13.837	95.8333	13.837	98
155	decode	4	0.634163	41.9073	13.837	91.8	13.837	97
156	decode	4	0.635271	41.9791	13.837	96	13.837	97
157	decode	4	0.636164	42.0366	13.837	95.4286	13.837	98
158	decode	4	0.634293	41.9115	13.837	95.6667	13.837	98
159	decode	4	0.638364	42.179	13.837	95.4	13.837	97
160	decode	4	0.634988	41.9546	13.837	96.2	13.837	98
161	decode	4	0.634951	41.9507	13.837	94.8	13.837	98
162	decode	4	0.637302	42.1045	13.837	95.5	13.837	97
163	decode	4	0.634438	41.9139	13.9028	92	14.232	97
164	decode	4	0.636388	42.0412	14.0345	94.1667	14.232	97
165	decode	4	0.632311	41.7704	13.837	95.4	13.837	97
166	decode	4	0.632177	41.7601	13.837	95.8333	13.837	98
167	decode	4	0.635416	41.9727	13.837	93.1667	13.837	97
168	decode	4	0.636307	42.0301	13.837	96.1667	13.837	97
169	decode	4	0.636416	42.0358	13.837	95.6667	13.837	98
170	decode	4	0.63843	42.1674	13.837	95.6	13.837	98
171	decode	4	0.635434	41.968	13.837	95.2	13.837	97
172	decode	4	0.634198	41.8849	13.9687	94.6667	14.232	98
173	decode	4	0.634267	41.8881	13.9687	93.6667	14.232	98
174	decode	4	0.638985	42.1981	14.1662	95	14.232	97
175	decode	4	0.635649	41.9764	14.1003	95.8333	14.232	98
176	decode	4	0.633948	41.8626	14.232	95.5	14.232	98
177	decode	4	0.636748	42.046	14.232	95.4	14.232	97
178	decode	4	0.63378	41.8486	14.232	94.3333	14.232	98
179	decode	4	0.636264	42.0112	14.232	96.2	14.232	98
180	decode	4	0.636116	41.9999	14.232	95	14.232	97
181	decode	4	0.633162	41.8034	14.232	95.2	14.232	97
182	decode	4	0.638084	42.127	14.232	95.3333	14.232	98
183	decode	4	0.632762	41.7742	14.232	94	14.232	97
184	decode	4	0.632785	41.7742	14.232	95.8333	14.232	97
185	decode	4	0.634497	41.8858	14.232	96	14.232	98
186	decode	4	0.633705	41.8321	14.232	92.5	14.232	98
187	decode	4	0.63683	42.0369	14.232	95.8	14.232	98
188	decode	4	0.638212	42.1267	14.232	92.6667	14.232	97
189	decode	4	0.633433	41.8098	14.232	94	14.232	98
190	decode	4	0.63651	42.0115	14.232	95.8	14.232	97
191	decode	4	0.638479	42.1399	14.232	94.1667	14.232	98
192	decode	4	0.636743	42.0239	14.232	95.4	14.232	97
193	decode	4	0.638027	42.1072	14.232	96.5	14.232	98
194	decode	4	0.633166	41.7849	14.298	94.3333	14.628	97
195	decode	4	0.640334	42.2565	14.3112	96.2	14.628	98
196	decode	4	0.635394	41.9291	14.232	95.5	14.232	98
197	decode	4	0.636701	42.0139	14.232	96.2	14.232	97
198	decode	4	0.636922	42.027	14.232	95.8333	14.232	97
199	decode	4	0.633536	41.8021	14.232	94.3333	14.232	98
200	decode	4	0.632809	41.7527	14.232	93.8333	14.232	98
201	decode	4	0.636543	41.9977	14.232	95.4	14.232	97
202	decode	4	0.638498	42.1251	14.232	95.8333	14.232	98
203	decode	4	0.63303	41.763	14.232	93	14.232	97
204	decode	4	0.63538	41.9166	14.232	95.3333	14.232	98
205	decode	4	0.635102	41.8967	14.232	96	14.232	97
206	decode	4	0.63672	42.002	14.232	93.1667	14.232	97
207	decode	4	0.636906	42.0129	14.232	95.8333	14.232	98
208	decode	4	0.634004	41.82	14.232	96.3333	14.232	97
209	decode	4	0.637348	42.0391	14.232	95	14.232	98
210	decode	4	0.631907	41.6788	14.232	95.2	14.232	98
211	decode	4	0.636634	41.9891	14.232	95.6667	14.232	98
212	decode	4	0.633094	41.7542	14.232	95.4	14.232	97
213	decode	4	0.634713	41.8595	14.232	92.3333	14.232	97
214	decode	4	0.635562	41.914	14.232	92.5	14.232	97
215	decode	4	0.634937	41.8714	14.232	95	14.232	98
216	decode	4	0.634512	41.8419	14.232	96	14.232	97
217	decode	4	0.629813	41.5306	14.232	91.8333	14.232	97
218	decode	4	0.636177	41.9488	14.232	94	14.232	97
219	decode	4	0.635349	41.8928	14.232	95.2	14.232	97
220	decode	4	0.633464	41.767	14.232	92.5	14.232	97
221	decode	4	0.634079	41.8061	14.232	93.8	14.232	97
222	decode	4	0.637577	42.0353	14.232	92.6667	14.232	97
223	decode	4	0.633308	41.7524	14.232	91.6667	14.232	97
224	decode	4	0.635064	41.8667	14.232	95.8	14.232	98
225	decode	4	0.634099	41.8017	14.232	94	14.232	97
226	decode	4	0.633695	41.7736	14.232	96.3333	14.232	97
227	decode	4	0.632875	41.7181	14.232	93.4	14.232	98
228	decode	4	0.632607	41.699	14.232	93.8333	14.232	98
229	decode	4	0.6365	41.9541	14.232	94	14.232	98
230	decode	4	0.63739	42.0114	14.232	95.1667	14.232	98
231	decode	4	0.634688	41.8318	14.232	95.1667	14.232	97
232	decode	4	0.632628	41.6946	14.232	95.3333	14.232	98
233	decode	4	0.638462	42.0777	14.232	95.6	14.232	97
234	decode	4	0.635893	41.9069	14.232	93.5	14.232	98
235	decode	4	0.631849	41.639	14.232	92.8	14.232	98
236	decode	4	0.631112	41.5889	14.232	95.5	14.232	98
237	decode	4	0.63423	41.793	14.232	94.5	14.232	97
238	decode	4	0.640246	42.1879	14.232	92.8333	14.232	98
239	decode	4	0.635089	41.8467	14.232	96	14.232	98
240	decode	4	0.635403	41.8659	14.232	96.1667	14.232	97
241	decode	4	0.634432	41.8005	14.232	93.6667	14.232	97
242	decode	4	0.634304	41.7906	14.232	94.8333	14.232	97
243	decode	4	0.631165	41.5824	14.232	94.6667	14.232	98
244	decode	4	0.629066	41.4427	14.232	95.1667	14.232	98
245	decode	4	0.630961	41.5661	14.232	96.4	14.232	98
246	decode	4	0.634736	41.8133	14.232	93.6667	14.232	98
247	decode	4	0.638669	42.0709	14.232	95.2	14.232	97
248	decode	4	0.633361	41.7199	14.232	92	14.232	97
249	decode	4	0.633626	41.7359	14.232	94.3333	14.232	97
250	decode	4	0.636482	41.9226	14.232	96.2	14.232	98
251	decode	4	0.636952	41.952	14.232	95.75	14.232	98
252	decode	4	0.634843	41.8117	14.232	95.4	14.232	97
253	decode	4	0.63791	42.0123	14.232	95.3333	14.232	97
254	decode	4	0.636978	41.9494	14.232	95.8333	14.232	98
