0	prefill	214.414	14.0499	1074.07	15.6619	89.6923	17.395	98
1	decode	4.00287	0.564581	39.8595	16.0115	95	16.209	97
2	decode	4.00292	0.558804	39.4506	15.4848	94	15.814	97
3	decode	4.00297	0.556872	39.3131	15.023	94	15.023	97
4	decode	4.00301	0.555869	39.2412	14.628	94.4	14.628	98
5	decode	4.00306	0.558106	39.398	14.364	95.6667	14.628	98
6	decode	4.00311	0.555697	39.2268	14.232	95.6667	14.232	97
7	decode	4.00316	0.559288	39.4792	13.9028	96.3333	14.232	98
8	decode	4.00321	0.556776	39.3007	13.837	93.3333	13.837	98
9	decode	4.00326	0.5575	39.3507	13.837	95.6	13.837	97
10	decode	4.00331	0.557799	39.3707	13.5078	92	13.837	98
11	decode	4.00335	0.558402	39.4122	13.442	95.4	13.442	97
12	decode	4.0034	0.55808	39.3883	13.442	94.8333	13.442	97
13	decode	4.00345	0.561181	39.6061	13.442	96	13.442	97
14	decode	4.0035	0.558952	39.4476	13.442	95.8333	13.442	97
15	decode	4.00355	0.558043	39.3823	13.442	95.6667	13.442	98
16	decode	4.0036	0.558694	39.4272	13.442	94.3333	13.442	97
17	decode	4.00365	0.557254	39.3244	13.442	96	13.442	98
18	decode	4.00369	0.55868	39.424	13.442	95.4	13.442	98
19	decode	4.00374	0.558888	39.4375	13.442	92	13.442	97
20	decode	4.00379	0.556255	39.2506	13.442	95.3333	13.442	97
21	decode	4.00384	0.558152	39.3833	13.442	94.3333	13.442	98
22	decode	4.00389	0.55927	39.4611	13.442	95.4	13.442	97
23	decode	4.00394	0.559308	39.4627	13.442	93.8	13.442	97
24	decode	4.00399	0.557191	39.3122	13.442	96.5	13.442	98
25	decode	4.00403	0.55813	39.3774	13.1252	96	13.442	97
26	decode	4.00408	0.554907	39.1488	13.31	93.1667	13.442	97
27	decode	4.00413	0.557252	39.3132	13.2836	95.6	13.442	98
28	decode	4.00418	0.557253	39.3121	13.2044	92.2	13.442	97
29	decode	4.00423	0.557196	39.307	13.244	95.5	13.442	97
30	decode	4.00428	0.558613	39.4059	13.3628	92.6	13.442	97
31	decode	4.00432	0.55754	39.329	13.442	95.8333	13.442	98
32	decode	4.00437	0.557452	39.3217	13.442	94	13.442	98
33	decode	4.00442	0.558394	39.3871	13.442	96	13.442	98
34	decode	4.00447	0.557395	39.3155	13.442	95.4	13.442	97
35	decode	4.00452	0.556869	39.2772	13.442	95.6	13.442	98
36	decode	4.00457	0.55738	39.3121	13.442	95.2	13.442	98
37	decode	4.00462	0.558627	39.399	13.442	92.8333	13.442	97
38	decode	4.00466	0.559795	39.4803	13.442	91.8333	13.442	98
39	decode	4.00471	0.557946	39.3488	13.442	95.5	13.442	97
40	decode	4.00476	0.557923	39.3461	13.442	95.4	13.442	98
41	decode	4.00481	0.557736	39.3317	13.442	94	13.442	97
42	decode	4.00486	0.559187	39.4329	13.442	95.2	13.442	97
43	decode	4.00491	0.55652	39.2437	13.442	93.6667	13.442	97
44	decode	4.00496	0.558499	39.3822	13.442	95.6667	13.442	97
45	decode	4.005	0.556046	39.2081	13.442	95.8	13.442	98
46	decode	4.00505	0.557627	39.3184	13.442	95.1667	13.442	98
47	decode	4.0051	0.558237	39.3604	13.442	93.1667	13.442	97
48	decode	4.00515	0.558781	39.3976	13.442	96	13.442	98
49	decode	4.0052	0.560788	39.538	13.442	94.5	13.442	98
50	decode	4.00525	0.558923	39.4054	13.442	95.1667	13.442	97
51	decode	4.00529	0.55565	39.1735	13.442	95.6667	13.442	98
52	decode	4.00534	0.556465	39.2298	13.442	96.1667	13.442	98
53	decode	4.00539	0.557334	39.29	13.442	93.8333	13.442	97
54	decode	4.00544	0.559094	39.413	13.442	95.4	13.442	97
55	decode	4.00549	0.557013	39.2652	13.376	96.1667	13.442	98
56	decode	4.00554	0.557085	39.2692	13.442	95.8	13.442	98
57	decode	4.00559	0.55792	39.3269	13.442	96	13.442	98
58	decode	4.00563	0.55874	39.3835	13.442	95.8333	13.442	97
59	decode	4.00568	0.558215	39.3454	13.442	95.5	13.442	97
60	decode	4.00573	0.556539	39.2262	13.442	94.5	13.442	97
61	decode	4.00578	0.558136	39.3377	13.442	93.3333	13.442	97
62	decode	4.00583	0.55689	39.2487	13.2836	94.8	13.442	97
63	decode	4.00588	0.557877	39.3172	13.376	95.3333	13.442	98
64	decode	4.00593	0.557786	39.3096	13.442	96	13.442	98
65	decode	4.00597	0.559235	39.4106	13.442	96.5	13.442	98
66	decode	4.00602	0.558821	39.3803	13.442	93.8333	13.442	97
67	decode	4.00607	0.558813	39.3787	13.376	93.8333	13.442	97
68	decode	4.00612	0.559274	39.4101	13.442	93.8	13.442	97
69	decode	4.00617	0.559543	39.4279	13.442	96	13.442	98
70	decode	4.00622	0.554397	39.0642	13.244	95.5	13.442	97
71	decode	4.00626	0.555469	39.1386	13.046	95.4	13.046	98
72	decode	4.00631	0.556435	39.2056	13.046	95.6667	13.046	98
73	decode	4.00636	0.558596	39.3567	13.046	93.3333	13.046	97
74	decode	4.00641	0.558701	39.363	13.046	95.6	13.046	97
75	decode	4.00646	0.557014	39.243	13.046	96.1667	13.046	98
76	decode	4.00651	0.556624	39.2144	13.046	95.8	13.046	98
77	decode	4.00656	0.557714	39.2901	13.046	95	13.046	98
78	decode	4.0066	0.557299	39.2598	13.046	94.8333	13.046	97
79	decode	4.00665	0.557227	39.2536	13.046	91.6667	13.046	97
80	decode	4.0067	0.55643	39.1963	13.046	93.6667	13.046	98
81	decode	4.00675	0.558441	39.3369	13.046	95.1667	13.046	98
82	decode	4.0068	0.554573	39.0633	13.046	95.2	13.046	97
83	decode	4.00685	0.556037	39.1654	13.046	96	13.046	98
84	decode	4.00689	0.557839	39.2912	13.046	92.5	13.046	98
85	decode	4.00694	0.55586	39.1507	13.046	94.8	13.046	97
86	decode	4.00699	0.557963	39.2976	13.046	95.4	13.046	97
87	decode	4.00704	0.555232	39.1042	13.046	95	13.046	98
88	decode	4.00709	0.558779	39.3529	13.046	96.4	13.046	97
89	decode	4.00714	0.557072	39.2316	13.046	93	13.046	97
90	decode	4.00718	0.555336	39.1082	13.046	96	13.046	98
91	decode	4.00723	0.557195	39.238	13.046	95	13.046	97
92	decode	4.00728	0.557371	39.2493	13.046	95.6	13.046	97
93	decode	4.00733	0.555514	39.1175	13.046	95.5	13.046	97
94	decode	4.00738	0.555524	39.1171	13.046	95.6667	13.046	98
95	decode	4.00743	0.557368	39.2458	13.046	95.8333	13.046	97
96	decode	4.00748	0.556715	39.1987	13.046	91.8	13.046	97
97	decode	4.00752	0.555939	39.1429	13.046	95.5	13.046	97
98	decode	4.00757	0.558911	39.3511	13.046	95	13.046	97
99	decode	4.00762	0.558732	39.3373	13.046	96	13.046	98
100	decode	4.00767	0.55749	39.2488	13.046	95	13.046	97
101	decode	4.00772	0.557351	39.2379	13.046	95.3333	13.046	98
102	decode	4.00777	0.557285	39.2322	13.046	95.4	13.046	98
103	decode	4.00781	0.555588	39.1116	13.046	95.8333	13.046	98
104	decode	4.00786	0.558365	39.306	13.046	95.8333	13.046	98
105	decode	4.00791	0.556878	39.2002	13.046	95.8333	13.046	97
106	decode	4.00796	0.558199	39.2921	13.046	94.8	13.046	98
107	decode	4.00801	0.557603	39.249	13.046	95.8333	13.046	97
108	decode	4.00806	0.559365	39.372	13.046	95.6	13.046	98
109	decode	4.0081	0.552997	38.9226	13.046	94.1667	13.046	97
110	decode	4.00815	0.556691	39.1815	13.046	95.6	13.046	97
111	decode	4.0082	0.55701	39.2028	13.046	94.4	13.046	97
112	decode	4.00825	0.556709	39.1805	13.046	95.8	13.046	97
113	decode	4.0083	0.55915	39.3512	13.046	96	13.046	98
114	decode	4.00835	0.556361	39.1539	13.046	95.4	13.046	97
115	decode	4.0084	0.556503	39.1627	13.046	95.8333	13.046	97
116	decode	4.00844	0.557232	39.2129	13.046	94.1667	13.046	97
117	decode	4.00849	0.557912	39.2597	13.046	96	13.046	97
118	decode	4.00854	0.557273	39.2136	13.046	95.1667	13.046	98
119	decode	4.00859	0.559835	39.3927	13.046	95	13.046	97
120	decode	4.00864	0.558614	39.3057	13.046	95.4	13.046	97
121	decode	4.00869	0.557882	39.2531	13.046	95.8	13.046	97
122	decode	4.00873	0.556947	39.1862	13.046	95.8333	13.046	98
123	decode	4.00878	0.557454	39.2208	13.046	95.5	13.046	97
124	decode	4.00883	0.556288	39.1376	13.046	96.8333	13.046	98
125	decode	4.00888	0.55697	39.1845	13.046	91.8333	13.046	97
126	decode	4.00893	0.55586	39.1053	13.046	94.3333	13.046	97
127	decode	4.00898	0.557037	39.187	13.046	95.5	13.046	97
128	decode	4.00902	0.556731	39.1644	13.046	95.5	13.046	97
129	decode	4.00907	0.558268	39.2714	13.046	95.6	13.046	97
130	decode	4.00912	0.556105	39.1182	13.046	95.8571	13.046	98
131	decode	4.00917	0.556272	39.1288	13.046	95.2	13.046	97
132	decode	4.00922	0.556197	39.1224	13.046	92.3333	13.046	97
133	decode	4.00927	0.558619	39.2917	13.046	94.8	13.046	97
134	decode	4.00931	0.557813	39.2339	13.046	95	13.046	97
135	decode	4.00936	0.555956	39.1021	13.046	94.8333	13.046	97
136	decode	4.00941	0.555597	39.0758	13.046	95.8333	13.046	98
137	decode	4.00946	0.557665	39.2201	13.046	96	13.046	98
138	decode	4.00951	0.559094	39.3196	13.046	96	13.046	98
139	decode	4.00956	0.556114	39.1089	13.046	95.4	13.046	97
140	decode	4.0096	0.556922	39.1646	13.046	95	13.046	97
141	decode	4.00965	0.559226	39.3255	13.046	96	13.046	98
142	decode	4.0097	0.55728	39.1875	13.046	95.8	13.046	98
143	decode	4.00975	0.557862	39.2273	13.046	95.6667	13.046	97
144	decode	4.0098	0.558954	39.303	13.046	94.8333	13.046	98
145	decode	4.00985	0.556008	39.0947	13.046	94	13.046	97
146	decode	4.00989	0.557382	39.1903	13.046	96.5	13.046	98
147	decode	4.00994	0.557747	39.2148	13.046	96.3333	13.046	98
148	decode	4.00999	0.556864	39.1516	13.046	96	13.046	98
149	decode	4.01004	0.555396	39.0473	13.046	95.8	13.046	98
150	decode	4.01009	0.557225	39.1748	13.046	95.8333	13.046	98
151	decode	4.01014	0.558899	39.2914	13.046	94.6667	13.046	97
152	decode	4.01018	0.555856	39.0764	13.046	94.5	13.046	97
153	decode	4.01023	0.557446	39.187	13.046	94.6667	13.046	97
154	decode	4.01028	0.557295	39.1753	13.046	95.3333	13.046	98
155	decode	4.01033	0.555962	39.0805	13.046	95.8	13.046	97
156	decode	4.01038	0.557677	39.2	13.112	96.6667	13.442	98
157	decode	4.01043	0.559439	39.3227	13.112	95.6667	13.442	98
158	decode	4.01047	0.557176	39.1625	13.112	91.6667	13.442	97
159	decode	4.01052	0.557748	39.2016	13.31	95.3333	13.442	97
160	decode	4.01057	0.556677	39.1252	13.376	95.5	13.442	98
161	decode	4.01062	0.560708	39.4074	13.442	95.4	13.442	97
162	decode	4.01067	0.556208	39.0901	13.442	92.4	13.442	97
163	decode	4.01072	0.558469	39.2479	13.442	95.6	13.442	97
164	decode	4.01076	0.557136	39.153	13.442	95.3333	13.442	97
165	decode	4.01081	0.559069	39.2878	13.442	95.6	13.442	97
166	decode	4.01086	0.554996	39.0005	13.442	95.5	13.442	98
167	decode	4.01091	0.557978	39.2089	13.442	95.3333	13.442	97
168	decode	4.01096	0.557162	39.1505	13.442	96.1429	13.442	98
169	decode	4.01101	0.559875	39.34	13.442	95.2	13.442	97
170	decode	4.01105	0.557772	39.1911	13.442	96	13.442	97
171	decode	4.0111	0.558103	39.2133	13.442	95.8333	13.442	98
172	decode	4.01115	0.559618	39.3187	13.442	94.3333	13.442	97
173	decode	4.0112	0.555929	39.0584	13.442	96.1667	13.442	98
174	decode	4.01125	0.557152	39.1432	13.442	94.1667	13.442	98
175	decode	4.0113	0.557804	39.1879	13.442	96.1667	13.442	98
176	decode	4.01134	0.558347	39.2249	13.442	95.8333	13.442	98
177	decode	4.01139	0.559499	39.3047	13.442	95	13.442	97
178	decode	4.01144	0.557106	39.1355	13.442	95.6667	13.442	97
179	decode	4.01149	0.55707	39.1319	13.442	94.1667	13.442	97
180	decode	4.01154	0.558748	39.2487	13.442	94.3333	13.442	97
181	decode	4.01159	0.557976	39.1933	13.442	93.3333	13.442	97
182	decode	4.01163	0.557734	39.1752	13.442	93	13.442	97
183	decode	4.01168	0.556771	39.1064	13.442	95	13.442	97
184	decode	4.01173	0.558231	39.2079	13.442	95	13.442	97
185	decode	4.01178	0.560274	39.3503	13.442	96	13.442	98
186	decode	4.01183	0.55967	39.3068	13.442	92	13.442	98
187	decode	4.01188	0.559463	39.2911	13.442	93.2	13.442	97
188	decode	4.01192	0.556988	39.1162	13.442	96	13.442	97
189	decode	4.01197	0.558733	39.2376	13.442	93.5	13.442	98
190	decode	4.01202	0.559393	39.2829	13.442	93.5	13.442	97
191	decode	4.01207	0.561947	39.4611	13.442	93.8333	13.442	97
192	decode	4.01212	0.55856	39.2222	13.442	95.8333	13.442	98
193	decode	4.01216	0.559007	39.2525	13.442	95.4	13.442	98
194	decode	4.01221	0.558044	39.1837	13.442	95.8333	13.442	98
195	decode	4.01226	0.559646	39.2951	13.442	93.3333	13.442	97
196	decode	4.01231	0.558735	39.23	13.442	96	13.442	97
197	decode	4.01236	0.558315	39.1994	13.442	95.6667	13.442	98
198	decode	4.01241	0.557113	39.1139	13.442	96.1667	13.442	97
199	decode	4.01245	0.556981	39.1036	13.442	95.3333	13.442	98
200	decode	4.0125	0.55967	39.2913	13.046	95.5	13.046	98
201	decode	4.01255	0.558572	39.2131	13.046	95	13.046	97
202	decode	4.0126	0.554331	38.9142	13.046	95.8333	13.046	98
203	decode	4.01265	0.559074	39.2461	13.046	96	13.046	98
204	decode	4.0127	0.557274	39.1186	13.046	96.6667	13.046	98
205	decode	4.01274	0.560123	39.3175	13.046	92.5	13.046	97
206	decode	4.01279	0.558412	39.1963	13.046	93.1667	13.046	98
207	decode	4.01284	0.557788	39.1514	13.046	92.1667	13.046	97
208	decode	4.01289	0.557202	39.1092	13.046	94.2	13.046	97
209	decode	4.01294	0.559027	39.2362	13.046	95.2	13.046	97
210	decode	4.01299	0.557054	39.0966	13.046	95.6667	13.046	98
211	decode	4.01303	0.558455	39.1938	13.046	96	13.046	97
212	decode	4.01308	0.558288	39.181	13.046	95.6667	13.046	97
213	decode	4.01313	0.556349	39.0438	13.046	96	13.046	98
214	decode	4.01318	0.557984	39.1575	13.046	95.5	13.046	97
215	decode	4.01323	0.558381	39.1842	13.046	96.1667	13.046	97
216	decode	4.01327	0.559142	39.2365	13.046	95.6667	13.046	97
217	decode	4.01332	0.557004	39.0853	13.046	95	13.046	97
218	decode	4.01337	0.555752	38.9964	13.046	93.6667	13.046	97
219	decode	4.01342	0.56145	39.3951	13.046	93.5	13.046	97
220	decode	4.01347	0.556688	39.0599	13.046	95.2	13.046	97
221	decode	4.01352	0.556894	39.0733	13.046	96	13.046	98
222	decode	4.01356	0.55626	39.0277	13.046	95	13.046	98
223	decode	4.01361	0.557517	39.1147	13.046	96.3333	13.046	98
224	decode	4.01366	0.559728	39.2687	13.046	96	13.046	98
225	decode	4.01371	0.558161	39.1577	13.046	95.6	13.046	97
226	decode	4.01376	0.557804	39.1316	13.046	93	13.046	97
227	decode	4.01381	0.560168	39.2963	13.046	96.1667	13.046	98
228	decode	4.01385	0.559503	39.2486	13.046	96	13.046	98
229	decode	4.0139	0.55779	39.1273	13.046	94.6	13.046	97
230	decode	4.01395	0.558016	39.142	13.046	95.4286	13.046	98
231	decode	4.014	0.557568	39.1095	13.046	95.8	13.046	97
232	decode	4.01405	0.556647	39.0438	13.046	95.4	13.046	97
233	decode	4.01409	0.559856	39.2678	13.046	93.1667	13.046	98
234	decode	4.01414	0.556284	39.0161	13.046	96.5	13.046	98
235	decode	4.01419	0.556917	39.0595	13.046	95.6667	13.046	98
236	decode	4.01424	0.557155	39.075	13.046	95	13.046	97
237	decode	4.01429	0.557871	39.1242	13.046	96	13.046	98
238	decode	4.01434	0.55881	39.1889	13.046	95.8333	13.046	98
239	decode	4.01438	0.558621	39.1746	13.046	94.2	13.046	98
240	decode	4.01443	0.558084	39.1358	13.046	95.5	13.046	97
241	decode	4.01448	0.559341	39.2228	13.046	92.5	13.046	98
242	decode	4.01453	0.558038	39.1304	13.046	95.6667	13.046	97
243	decode	4.01458	0.556997	39.0563	13.046	95.4	13.046	98
244	decode	4.01462	0.557756	39.1084	13.046	91.8	13.046	98
245	decode	4.01467	0.558726	39.1753	13.046	95.1667	13.046	97
246	decode	4.01472	0.557737	39.1048	13.046	93.2	13.046	97
247	decode	4.01477	0.558812	39.1792	13.046	94.8333	13.046	97
248	decode	4.01482	0.557554	39.0898	13.046	95.2	13.046	97
249	decode	4.01487	0.558942	39.186	13.046	91	13.046	98
250	decode	4.01491	0.558854	39.1788	13.046	95.3333	13.046	97
251	decode	4.01496	0.560237	39.2746	13.046	96.2	13.046	98
252	decode	4.01501	0.560954	39.3238	13.046	94.8333	13.046	97
253	decode	4.01506	0.557962	39.1129	13.046	91.4	13.046	98
254	decode	4.01511	0.558215	39.1296	13.046	95.5	13.046	98
