0	prefill	403.78	89.3486	14683.8	231.971	4	232.528	4
1	decode	4.01315	1.92086	264.675	232.528	4	232.528	4
2	decode	4.01326	1.92378	265.062	232.528	4	232.528	4
3	decode	4.01337	1.55298	213.962	232.528	4	232.528	4
4	decode	4.01348	1.92179	264.76	232.528	4	232.528	4
5	decode	4.01359	1.93789	266.964	232.528	4	232.528	4
6	decode	4.0137	1.93461	266.498	237.345	82	237.345	82
7	decode	4.01381	1.95939	269.896	237.345	82	237.345	82
8	decode	4.01391	1.74851	240.835	237.345	82	237.345	82
9	decode	4.01402	1.86748	257.208	237.345	82	237.345	82
10	decode	4.01413	1.91263	263.412	237.345	82	237.345	82
11	decode	4.01424	1.93854	266.966	237.345	82	237.345	82
12	decode	4.01435	1.93376	266.293	237.345	82	237.345	82
13	decode	4.01445	1.93759	266.806	234.644	82	234.644	82
14	decode	4.01456	1.93235	266.071	234.644	82	234.644	82
15	decode	4.01467	1.94371	267.62	234.644	82	234.644	82
16	decode	4.01478	1.75846	242.101	234.644	82	234.644	82
17	decode	4.01489	1.9243	264.919	234.644	82	234.644	82
18	decode	4.015	1.93142	265.885	234.644	82	234.644	82
19	decode	4.0151	1.93808	266.787	229.891	78	234.644	82
20	decode	4.01521	1.93924	266.933	225.137	74	225.137	74
21	decode	4.01532	1.94048	267.089	225.137	74	225.137	74
22	decode	4.01543	1.94017	267.032	225.137	74	225.137	74
23	decode	4.01554	1.94164	267.22	225.137	74	225.137	74
24	decode	4.01565	1.89974	261.439	225.137	74	225.137	74
25	decode	4.01575	1.93685	266.531	225.137	74	225.137	74
26	decode	4.01586	1.9325	265.918	204.802	74	204.802	74
27	decode	4.01597	1.93016	265.582	204.802	74	204.802	74
28	decode	4.01608	1.93564	266.321	204.802	74	204.802	74
29	decode	4.01619	1.93484	266.197	204.802	74	204.802	74
30	decode	4.01629	1.93564	266.292	204.802	74	204.802	74
31	decode	4.0164	1.93325	265.95	204.802	74	204.802	74
32	decode	4.01651	1.92764	265.164	204.802	74	204.802	74
33	decode	4.01662	1.94299	267.261	180.564	74	180.564	74
34	decode	4.01673	1.93938	266.75	180.564	74	180.564	74
35	decode	4.01684	1.94274	267.197	180.564	74	180.564	74
36	decode	4.01694	1.94884	268.022	180.564	74	180.564	74
37	decode	4.01705	1.95383	268.693	180.564	74	180.564	74
38	decode	4.01716	1.94167	267.007	180.564	74	180.564	74
39	decode	4.01727	1.94527	267.488	174.07	74	180.564	74
40	decode	4.01738	1.93484	266.039	167.577	74	167.577	74
41	decode	4.01748	1.94922	268.001	167.577	74	167.577	74
42	decode	4.01759	1.94424	267.303	167.577	74	167.577	74
43	decode	4.0177	1.94802	267.808	167.577	74	167.577	74
44	decode	4.01781	1.93592	266.13	167.577	74	167.577	74
45	decode	4.01792	1.93888	266.523	167.577	74	167.577	74
46	decode	4.01803	1.9346	265.92	172.939	75	172.939	75
47	decode	4.01813	1.93932	266.554	172.939	75	172.939	75
48	decode	4.01824	1.92458	264.514	172.939	75	172.939	75
49	decode	4.01835	1.9404	266.673	172.939	75	172.939	75
50	decode	4.01846	1.93138	265.419	172.939	75	172.939	75
51	decode	4.01857	1.90536	261.83	172.939	75	172.939	75
52	decode	4.01867	1.91478	263.11	172.939	75	172.939	75
53	decode	4.01878	1.93763	266.236	181.557	75	181.557	75
54	decode	4.01889	1.9486	267.728	181.557	75	181.557	75
55	decode	4.019	1.94916	267.791	181.557	75	181.557	75
56	decode	4.01911	1.93466	265.784	181.557	75	181.557	75
57	decode	4.01921	1.95054	267.952	181.557	75	181.557	75
58	decode	4.01932	1.94398	267.036	181.557	75	181.557	75
59	decode	4.01943	1.94902	267.713	179.724	74.5	181.557	75
60	decode	4.01954	1.95269	268.204	177.891	74	177.891	74
61	decode	4.01965	1.9603	269.234	177.891	74	177.891	74
62	decode	4.01975	1.95134	267.989	177.891	74	177.891	74
63	decode	4.01986	1.9613	269.342	177.891	74	177.891	74
64	decode	4.01997	1.91778	263.351	177.891	74	177.891	74
65	decode	4.02008	1.95912	269.014	177.891	74	177.891	74
66	decode	4.02019	1.9473	267.376	174.145	74	174.145	74
67	decode	4.02029	1.96451	269.724	174.145	74	174.145	74
68	decode	4.0204	1.9456	267.114	174.145	74	174.145	74
69	decode	4.02051	1.93569	265.739	174.145	74	174.145	74
70	decode	4.02062	1.91546	262.948	174.145	74	174.145	74
71	decode	4.02073	1.93344	265.401	174.145	74	174.145	74
72	decode	4.02083	1.91864	263.356	172.24	74.5	174.145	75
73	decode	4.02094	1.92638	264.404	170.335	75	170.335	75
74	decode	4.02105	1.91462	262.775	170.335	75	170.335	75
75	decode	4.02116	1.93551	265.628	170.335	75	170.335	75
76	decode	4.02127	1.90409	261.302	170.335	75	170.335	75
77	decode	4.02137	1.94059	266.296	170.335	75	170.335	75
78	decode	4.02148	1.92955	264.768	170.335	75	170.335	75
79	decode	4.02159	1.94766	267.238	170.744	75	170.744	75
80	decode	4.0217	1.76396	242.019	170.744	75	170.744	75
81	decode	4.02181	1.95138	267.72	170.744	75	170.744	75
82	decode	4.02191	1.96106	269.033	170.744	75	170.744	75
83	decode	4.02202	1.94821	267.256	170.744	75	170.744	75
84	decode	4.02213	1.93625	265.6	170.744	75	170.744	75
85	decode	4.02224	1.95095	267.602	170.749	74	170.754	75
86	decode	4.02234	1.96345	269.303	170.754	73	170.754	73
87	decode	4.02245	1.96023	268.847	170.754	73	170.754	73
88	decode	4.02256	1.92428	263.902	170.754	73	170.754	73
89	decode	4.02267	1.96093	268.914	170.754	73	170.754	73
90	decode	4.02278	1.95285	267.791	170.754	73	170.754	73
91	decode	4.02288	1.9489	267.235	170.754	73	170.754	73
92	decode	4.02299	1.94905	267.242	170.819	73	170.883	73
93	decode	4.0231	1.94102	266.126	170.883	73	170.883	73
94	decode	4.02321	1.95439	267.944	170.883	73	170.883	73
95	decode	4.02331	1.95387	267.859	170.883	73	170.883	73
96	decode	4.02342	1.92237	263.526	170.883	73	170.883	73
97	decode	4.02353	1.95742	268.316	170.883	73	170.883	73
98	decode	4.02364	1.95516	267.993	170.883	73	170.883	73
99	decode	4.02375	1.96553	269.399	171.142	75	171.142	75
100	decode	4.02385	1.95365	267.756	171.142	75	171.142	75
101	decode	4.02396	1.98195	271.62	171.142	75	171.142	75
102	decode	4.02407	1.9464	266.735	171.142	75	171.142	75
103	decode	4.02418	1.96885	269.796	171.142	75	171.142	75
104	decode	4.02428	1.91437	262.317	171.142	75	171.142	75
105	decode	4.02439	1.96685	269.493	171.142	75	171.142	75
106	decode	4.0245	1.95009	267.183	171.427	75	171.427	75
107	decode	4.02461	1.95452	267.774	171.427	75	171.427	75
108	decode	4.02472	1.93008	264.412	171.427	75	171.427	75
109	decode	4.02482	1.95634	267.995	171.427	75	171.427	75
110	decode	4.02493	1.94652	266.635	171.427	75	171.427	75
111	decode	4.02504	1.9606	268.549	171.427	75	171.427	75
112	decode	4.02515	1.92531	263.702	171.597	75	171.768	75
113	decode	4.02525	1.95163	267.292	171.768	75	171.768	75
114	decode	4.02536	1.94555	266.446	171.768	75	171.768	75
115	decode	4.02547	1.96481	269.068	171.768	75	171.768	75
116	decode	4.02558	1.93623	265.14	171.768	75	171.768	75
117	decode	4.02569	1.93376	264.788	171.768	75	171.768	75
118	decode	4.02579	1.93279	264.64	171.768	75	171.768	75
119	decode	4.0259	1.93136	264.431	171.891	75	171.891	75
120	decode	4.02601	1.90566	260.898	171.891	75	171.891	75
121	decode	4.02612	1.94899	266.815	171.891	75	171.891	75
122	decode	4.02622	1.92579	263.625	171.891	75	171.891	75
123	decode	4.02633	1.9452	266.268	171.891	75	171.891	75
124	decode	4.02644	1.92746	263.826	171.891	75	171.891	75
125	decode	4.02655	1.95968	268.222	171.891	75	171.891	75
126	decode	4.02665	1.93827	265.277	172.036	75	172.036	75
127	decode	4.02676	1.96406	268.792	172.036	75	172.036	75
128	decode	4.02687	1.91739	262.391	172.036	75	172.036	75
129	decode	4.02698	1.97252	269.921	172.036	75	172.036	75
130	decode	4.02708	1.9462	266.305	172.036	75	172.036	75
131	decode	4.02719	1.9472	266.428	172.036	75	172.036	75
132	decode	4.0273	1.9511	266.947	172.234	75	172.433	75
133	decode	4.02741	1.96679	269.079	172.433	75	172.433	75
134	decode	4.02752	1.94626	266.256	172.433	75	172.433	75
135	decode	4.02762	1.96405	268.675	172.433	75	172.433	75
136	decode	4.02773	1.93644	264.884	172.433	75	172.433	75
137	decode	4.02784	1.97084	269.575	172.433	75	172.433	75
138	decode	4.02795	1.96688	269.019	172.433	75	172.433	75
139	decode	4.02805	1.98963	272.116	172.774	76	172.774	76
140	decode	4.02816	1.97347	269.892	172.774	76	172.774	76
141	decode	4.02827	1.97985	270.749	172.774	76	172.774	76
142	decode	4.02838	1.96436	268.616	172.774	76	172.774	76
143	decode	4.02848	1.95327	267.086	172.774	76	172.774	76
144	decode	4.02859	1.77832	243.15	172.774	76	172.774	76
145	decode	4.0287	1.96105	268.12	172.496	76	172.496	76
146	decode	4.02881	1.95522	267.308	172.496	76	172.496	76
147	decode	4.02891	1.96046	268.011	172.496	76	172.496	76
148	decode	4.02902	1.96833	269.073	172.496	76	172.496	76
149	decode	4.02913	1.96845	269.074	172.496	76	172.496	76
150	decode	4.02924	1.9658	268.697	172.496	76	172.496	76
151	decode	4.02934	1.96154	268.1	172.496	76	172.496	76
152	decode	4.02945	1.94019	265.168	172.781	75	172.781	75
153	decode	4.02956	1.97413	269.792	172.781	75	172.781	75
154	decode	4.02967	1.97319	269.649	172.781	75	172.781	75
155	decode	4.02977	1.98474	271.214	172.781	75	172.781	75
156	decode	4.02988	1.97751	270.211	172.781	75	172.781	75
157	decode	4.02999	1.96856	268.974	172.781	75	172.781	75
158	decode	4.0301	1.97569	269.934	172.781	75	172.781	75
159	decode	4.0302	1.98474	271.155	173.022	75	173.022	75
160	decode	4.03031	1.95624	267.247	173.022	75	173.022	75
161	decode	4.03042	1.9859	271.284	173.022	75	173.022	75
162	decode	4.03053	1.97686	270.036	173.022	75	173.022	75
163	decode	4.03063	1.98519	271.159	173.022	75	173.022	75
164	decode	4.03074	1.98241	270.764	173.022	75	173.022	75
165	decode	4.03085	1.98908	271.66	173.037	76	173.052	77
166	decode	4.03095	1.58945	217.069	173.052	77	173.052	77
167	decode	4.03106	1.92924	263.46	173.052	77	173.052	77
168	decode	4.03117	1.92295	262.586	173.052	77	173.052	77
169	decode	4.03128	1.93944	264.825	173.052	77	173.052	77
170	decode	4.03138	1.94822	266.008	173.052	77	173.052	77
171	decode	4.03149	1.95216	266.532	173.052	77	173.052	77
172	decode	4.0316	1.95001	266.225	173.003	77	173.003	77
173	decode	4.03171	1.94133	265.026	173.003	77	173.003	77
174	decode	4.03181	1.93589	264.269	173.003	77	173.003	77
175	decode	4.03192	1.95115	266.338	173.003	77	173.003	77
176	decode	4.03203	1.93291	263.834	173.003	77	173.003	77
177	decode	4.03214	1.95362	266.647	173.003	77	173.003	77
178	decode	4.03224	1.96373	268.012	173.003	77	173.003	77
179	decode	4.03235	1.97189	269.11	173.259	75	173.259	75
180	decode	4.03246	1.9774	269.848	173.259	75	173.259	75
181	decode	4.03256	1.95989	267.444	173.259	75	173.259	75
182	decode	4.03267	1.96673	268.364	173.259	75	173.259	75
183	decode	4.03278	1.96355	267.915	173.259	75	173.259	75
184	decode	4.03289	1.94148	264.889	173.259	75	173.259	75
185	decode	4.03299	1.95223	266.342	173.397	75	173.534	75
186	decode	4.0331	1.94789	265.735	173.534	75	173.534	75
187	decode	4.03321	1.9676	268.409	173.534	75	173.534	75
188	decode	4.03332	1.94493	265.303	173.534	75	173.534	75
189	decode	4.03342	1.97776	269.766	173.534	75	173.534	75
190	decode	4.03353	1.96148	267.532	173.534	75	173.534	75
191	decode	4.03364	1.98646	270.924	173.534	75	173.534	75
192	decode	4.03375	1.94197	264.843	173.707	76	173.707	76
193	decode	4.03385	1.98251	270.357	173.707	76	173.707	76
194	decode	4.03396	1.96766	268.317	173.707	76	173.707	76
195	decode	4.03407	1.98112	270.139	173.707	76	173.707	76
196	decode	4.03417	1.96876	268.439	173.707	76	173.707	76
197	decode	4.03428	1.97741	269.603	173.707	76	173.707	76
198	decode	4.03439	1.97712	269.55	173.707	76	173.707	76
199	decode	4.0345	2.00001	272.656	173.966	76	173.966	76
200	decode	4.0346	1.93853	264.26	173.966	76	173.966	76
201	decode	4.03471	1.9911	271.412	173.966	76	173.966	76
202	decode	4.03482	1.97581	269.313	173.966	76	173.966	76
203	decode	4.03492	1.97369	269.009	173.966	76	173.966	76
204	decode	4.03503	1.96743	268.142	173.966	76	173.966	76
205	decode	4.03514	1.97921	269.733	173.966	76	173.966	76
206	decode	4.03525	1.95911	266.979	174.243	77	174.243	77
207	decode	4.03535	1.97941	269.731	174.243	77	174.243	77
208	decode	4.03546	1.76517	240.524	174.243	77	174.243	77
209	decode	4.03557	1.96764	268.099	174.243	77	174.243	77
210	decode	4.03567	1.9651	267.738	174.243	77	174.243	77
211	decode	4.03578	1.96485	267.69	174.243	77	174.243	77
212	decode	4.03589	1.70535	232.323	174.485	77	174.727	77
213	decode	4.036	1.95397	266.18	174.727	77	174.727	77
214	decode	4.0361	1.97345	268.818	174.727	77	174.727	77
215	decode	4.03621	1.95229	265.922	174.727	77	174.727	77
216	decode	4.03632	1.93016	262.894	174.727	77	174.727	77
217	decode	4.03642	1.94908	265.456	174.727	77	174.727	77
218	decode	4.03653	1.96615	267.767	175	73	175	73
219	decode	4.03664	1.96753	267.941	175	73	175	73
220	decode	4.03675	1.9577	266.587	175	73	175	73
221	decode	4.03685	1.96833	268.021	175	73	175	73
222	decode	4.03696	1.97094	268.362	175	73	175	73
223	decode	4.03707	1.96393	267.393	175	73	175	73
224	decode	4.03717	1.92862	262.572	175	73	175	73
225	decode	4.03728	1.9705	268.259	175.554	73	175.554	73
226	decode	4.03739	1.97503	268.86	175.554	73	175.554	73
227	decode	4.0375	1.99935	272.157	175.554	73	175.554	73
228	decode	4.0376	1.95966	266.74	175.554	73	175.554	73
229	decode	4.03771	1.98949	270.786	175.554	73	175.554	73
230	decode	4.03782	1.95227	265.706	175.554	73	175.554	73
231	decode	4.03792	1.99063	270.912	175.554	73	175.554	73
232	decode	4.03803	1.93068	262.739	175.765	76	175.765	76
233	decode	4.03814	1.97712	269.044	175.765	76	175.765	76
234	decode	4.03824	1.97005	268.069	175.765	76	175.765	76
235	decode	4.03835	1.98123	269.575	175.765	76	175.765	76
236	decode	4.03846	1.95805	266.407	175.765	76	175.765	76
237	decode	4.03857	1.96484	267.317	175.765	76	175.765	76
238	decode	4.03867	1.96681	267.57	176.01	76	176.255	76
239	decode	4.03878	1.97203	268.266	176.255	76	176.255	76
240	decode	4.03889	1.93489	263.199	176.255	76	176.255	76
241	decode	4.03899	1.98027	269.359	176.255	76	176.255	76
242	decode	4.0391	1.96808	267.686	176.255	76	176.255	76
243	decode	4.03921	1.98171	269.526	176.255	76	176.255	76
244	decode	4.03931	1.95727	266.187	176.255	76	176.255	76
245	decode	4.03942	1.98389	269.793	176.454	77	176.454	77
246	decode	4.03953	1.9736	268.379	176.454	77	176.454	77
247	decode	4.03963	1.97764	268.915	176.454	77	176.454	77
248	decode	4.03974	1.93775	263.476	176.454	77	176.454	77
249	decode	4.03985	1.97922	269.1	176.454	77	176.454	77
250	decode	4.03996	1.96216	266.766	176.454	77	176.454	77
251	decode	4.04006	1.98526	269.893	176.454	77	176.454	77
252	decode	4.04017	1.96185	266.696	176.666	77	176.666	77
253	decode	4.04028	1.99815	271.616	176.666	77	176.666	77
254	decode	4.04038	1.97199	268.046	176.666	77	176.666	77
255	decode	4.04049	1.99179	270.722	176.666	77	176.666	77
