0	prefill	297.495	290.114	20733.2	107.992	17	107.992	17
8	decode	4	2.17688	144.591	114.959	17	114.959	17
9	decode	4	2.18522	145.14	126.169	35	131.774	44
10	decode	4	2.19073	145.501	131.774	44	131.774	44
11	decode	4	2.19124	145.53	131.774	44	131.774	44
12	decode	4	2.16573	143.83	131.774	44	131.774	44
13	decode	4	2.19759	145.941	136.924	44	136.924	44
14	decode	4	2.19956	146.067	136.924	44	136.924	44
15	decode	4	2.19761	145.932	136.924	44	136.924	44
16	decode	4	2.20194	146.215	139.138	40.3333	143.567	44
17	decode	4	2.20265	146.257	143.567	33	143.567	33
18	decode	4	2.20239	146.234	143.567	33	143.567	33
19	decode	4	2.20099	146.136	143.567	33	143.567	33
20	decode	4	2.20755	146.567	147.49	33	149.452	33
21	decode	4	2.20858	146.63	149.452	33	149.452	33
22	decode	4	2.19022	145.406	149.452	33	149.452	33
23	decode	4	2.20731	146.535	150.921	34	153.859	36
24	decode	4	2.20748	146.542	153.859	36	153.859	36
25	decode	4	2.21032	146.725	153.859	36	153.859	36
26	decode	4	2.20976	146.683	153.859	36	153.859	36
27	decode	4	2.21383	146.948	158.387	36	160.651	36
28	decode	4	2.19923	145.974	160.651	36	160.651	36
29	decode	4	2.20502	146.353	160.651	36	160.651	36
30	decode	4	2.201	146.081	160.651	36	160.651	36
31	decode	4	2.20912	146.615	166.949	32	166.949	32
32	decode	4	2.20303	146.206	166.949	32	166.949	32
33	decode	4	2.21505	146.998	166.949	32	166.949	32
34	decode	4	2.21255	146.827	166.832	32	166.949	32
35	decode	4	2.2112	146.733	166.597	32	166.597	32
36	decode	4	2.21183	146.769	166.597	32	166.597	32
37	decode	4	2.20945	146.606	166.597	32	166.597	32
38	decode	4	2.21523	146.984	168.226	30.6667	169.041	32
39	decode	4	2.21823	147.178	169.041	30	169.041	30
40	decode	4	2.21204	146.763	169.041	30	169.041	30
41	decode	4	2.21386	146.878	169.041	30	169.041	30
42	decode	4	2.21778	147.133	167.769	30	167.769	30
43	decode	4	2.21415	146.888	167.769	30	167.769	30
44	decode	4	2.21928	147.222	167.769	30	167.769	30
45	decode	4	2.22276	147.448	163.663	32	167.769	36
46	decode	4	2.20878	146.515	155.452	36	155.452	36
47	decode	4	2.21283	146.779	155.452	36	155.452	36
48	decode	4	2.22976	147.897	155.452	36	155.452	36
49	decode	4	2.21779	147.098	155.981	36	156.509	36
50	decode	4	2.2183	147.127	156.509	36	156.509	36
51	decode	4	2.22166	147.345	156.509	36	156.509	36
52	decode	4	2.22111	147.303	156.509	36	156.509	36
53	decode	4	2.20448	146.195	155.614	34	156.509	36
54	decode	4	2.21789	147.079	155.167	33	155.167	33
55	decode	4	2.22223	147.362	155.167	33	155.167	33
56	decode	4	2.20939	146.505	155.167	33	155.167	33
57	decode	4	2.21986	147.194	155.858	33	155.858	33
58	decode	4	2.21747	147.031	155.858	33	155.858	33
59	decode	4	2.21522	146.876	155.858	33	155.858	33
60	decode	4	2.21576	146.907	156.152	32.3333	156.739	33
61	decode	4	2.22209	147.322	156.739	31	156.739	31
62	decode	4	2.21443	146.809	156.739	31	156.739	31
63	decode	4	2.22176	147.289	156.739	31	156.739	31
64	decode	4	2.21809	147.041	155.636	31	156.739	31
65	decode	4	2.19909	145.776	155.084	31	155.084	31
66	decode	4	2.21184	146.617	155.084	31	155.084	31
67	decode	4	2.21946	147.117	155.192	32.6667	155.409	36
68	decode	4	2.22183	147.268	155.409	36	155.409	36
69	decode	4	2.21919	147.089	155.409	36	155.409	36
70	decode	4	2.21169	146.586	155.409	36	155.409	36
71	decode	4	2.21921	147.079	156.448	36	156.968	36
72	decode	4	2.2213	147.213	156.968	36	156.968	36
73	decode	4	2.21024	146.475	156.968	36	156.968	36
74	decode	4	2.21956	147.087	156.968	36	156.968	36
75	decode	4	2.21937	147.07	155.817	33	155.817	33
76	decode	4	2.22064	147.149	155.817	33	155.817	33
77	decode	4	2.22231	147.254	155.817	33	155.817	33
78	decode	4	2.21634	146.854	155.969	33	156.274	33
79	decode	4	2.21741	146.92	156.274	33	156.274	33
80	decode	4	2.22045	147.116	156.274	33	156.274	33
81	decode	4	2.22067	147.125	156.274	33	156.274	33
82	decode	4	2.21758	146.916	156.74	31	156.973	33
83	decode	4	2.20711	146.217	156.973	30	156.973	30
84	decode	4	2.19843	145.636	156.973	30	156.973	30
85	decode	4	2.21942	147.022	156.973	30	156.973	30
86	decode	4	2.21739	146.882	155.822	30	155.822	30
87	decode	4	2.21641	146.813	155.822	30	155.822	30
88	decode	4	2.21795	146.909	155.822	30	155.822	30
89	decode	4	2.21791	146.902	155.894	32	156.039	36
90	decode	4	2.21306	146.575	156.039	36	156.039	36
91	decode	4	2.21808	146.903	156.039	36	156.039	36
92	decode	4	2.21418	146.639	156.039	36	156.039	36
93	decode	4	2.22187	147.143	156.3	36	156.561	36
94	decode	4	2.22106	147.085	156.561	36	156.561	36
95	decode	4	2.21604	146.747	156.561	36	156.561	36
96	decode	4	2.21167	146.453	156.561	36	156.561	36
97	decode	4	2.21914	146.942	155.148	34	155.148	34
98	decode	4	2.22139	147.086	155.148	34	155.148	34
99	decode	4	2.21996	146.987	155.148	34	155.148	34
100	decode	4	1.95948	129.735	155.303	34	155.614	34
101	decode	4	2.18939	144.952	155.614	34	155.614	34
102	decode	4	2.21313	146.519	155.614	34	155.614	34
103	decode	4	2.21732	146.792	155.614	34	155.614	34
104	decode	4	2.21907	146.902	155.99	29.3333	156.178	34
105	decode	4	2.21612	146.701	156.178	27	156.178	27
106	decode	4	2.21677	146.739	156.178	27	156.178	27
107	decode	4	2.21646	146.714	152.29	27	156.178	27
108	decode	4	2.22138	147.034	155.474	27	155.474	27
109	decode	4	2.21793	146.801	155.474	27	155.474	27
110	decode	4	2.2237	147.178	155.474	27	155.474	27
111	decode	4	2.2184	146.822	155.726	32.3333	155.852	35
112	decode	4	2.23038	147.609	155.852	35	155.852	35
113	decode	4	2.21485	146.577	155.852	35	155.852	35
114	decode	4	2.21882	146.834	155.852	35	155.852	35
115	decode	4	2.19825	145.468	156.264	35	156.264	35
116	decode	4	2.21748	146.736	156.264	35	156.264	35
117	decode	4	2.22408	147.167	156.264	35	156.264	35
118	decode	4	2.21068	146.276	156.264	35	156.264	35
119	decode	4	2.2153	146.576	155.378	34	155.378	34
120	decode	4	2.21952	146.851	155.378	34	155.378	34
121	decode	4	2.22052	146.911	155.378	34	155.378	34
122	decode	4	2.21454	146.511	155.998	34	156.617	34
123	decode	4	2.2229	147.059	156.617	34	156.617	34
124	decode	4	2.21279	146.385	156.617	34	156.617	34
125	decode	4	2.2169	146.652	156.617	34	156.617	34
126	decode	4	2.21374	146.437	156.352	36	156.617	37
127	decode	4	2.21153	146.286	156.219	37	156.219	37
128	decode	4	2.21723	146.658	156.219	37	156.219	37
129	decode	4	2.21265	146.35	156.219	37	156.219	37
130	decode	4	2.21576	146.55	155.461	37	155.461	37
131	decode	4	2.20729	145.985	155.461	37	155.461	37
132	decode	4	2.21005	146.163	155.461	37	155.461	37
133	decode	4	2.21545	146.515	155.909	35	156.805	37
134	decode	4	2.21467	146.458	156.805	31	156.805	31
135	decode	4	2.21482	146.463	156.805	31	156.805	31
136	decode	4	2.21509	146.476	156.805	31	156.805	31
137	decode	4	2.21707	146.601	156.665	31	156.805	31
138	decode	4	2.21839	146.684	156.595	31	156.595	31
139	decode	4	2.21019	146.137	156.595	31	156.595	31
140	decode	4	2.20931	146.073	156.595	31	156.595	31
141	decode	4	2.21726	146.594	156.467	32	156.467	32
142	decode	4	2.21641	146.532	156.467	32	156.467	32
143	decode	4	2.21405	146.372	156.467	32	156.467	32
144	decode	4	2.21709	146.567	156.796	32	157.453	32
145	decode	4	2.21748	146.588	157.453	32	157.453	32
146	decode	4	2.19718	145.241	157.453	32	157.453	32
147	decode	4	2.20036	145.446	157.453	32	157.453	32
148	decode	4	2.2145	146.376	156.702	32	157.453	32
149	decode	4	2.21659	146.509	156.326	32	156.326	32
150	decode	4	2.20982	146.056	156.326	32	156.326	32
151	decode	4	2.21866	146.636	156.279	32	156.326	32
152	decode	4	2.22166	146.829	156.184	32	156.184	32
153	decode	4	2.20918	145.999	156.184	32	156.184	32
154	decode	4	2.21527	146.396	156.184	32	156.184	32
155	decode	4	2.21598	146.438	157.385	33.3333	157.985	34
156	decode	4	2.21461	146.342	157.985	34	157.985	34
157	decode	4	2.21139	146.125	157.985	34	157.985	34
158	decode	4	2.21536	146.382	157.985	34	157.985	34
159	decode	4	2.21758	146.523	157.283	34	157.283	34
160	decode	4	2.21608	146.42	157.283	34	157.283	34
161	decode	4	2.20946	145.977	157.283	34	157.283	34
162	decode	4	2.21615	146.414	157.33	32.6667	157.424	34
163	decode	4	2.21493	146.328	157.424	30	157.424	30
164	decode	4	2.21377	146.247	157.424	30	157.424	30
165	decode	4	2.21391	146.251	157.424	30	157.424	30
166	decode	4	2.21999	146.648	157.716	30	157.862	30
167	decode	4	2.21717	146.456	157.862	30	157.862	30
168	decode	4	2.21549	146.34	157.862	30	157.862	30
169	decode	4	2.22018	146.644	157.862	30	157.862	30
170	decode	4	2.22061	146.668	156.463	37	156.463	37
171	decode	4	2.21634	146.381	156.463	37	156.463	37
172	decode	4	2.2176	146.459	156.463	37	156.463	37
173	decode	4	2.21596	146.346	156.504	37	156.587	37
174	decode	4	2.21989	146.6	156.587	37	156.587	37
175	decode	4	2.21555	146.308	156.587	37	156.587	37
176	decode	4	2.22845	147.155	156.587	37	156.587	37
177	decode	4	2.12543	140.348	157.542	35.6667	158.019	37
178	decode	4	2.13601	141.041	158.019	35	158.019	35
179	decode	4	2.14886	141.885	158.019	35	158.019	35
180	decode	4	2.15206	142.091	158.019	35	158.019	35
181	decode	4	2.15679	142.398	156.491	35	156.491	35
182	decode	4	2.1548	142.262	156.491	35	156.491	35
183	decode	4	2.15485	142.261	156.491	35	156.491	35
184	decode	4	2.15331	142.154	157.17	33.5	157.849	35
185	decode	4	2.1536	142.168	157.849	32	157.849	32
186	decode	4	2.15491	142.25	157.849	32	157.849	32
187	decode	4	2.15405	142.188	157.849	32	157.849	32
188	decode	4	2.15542	142.273	157.294	32	157.294	32
189	decode	4	2.14826	141.796	157.294	32	157.294	32
190	decode	4	2.15161	142.013	157.294	32	157.294	32
191	decode	4	1.93397	127.643	157.288	31	157.294	32
192	decode	4	2.13589	140.965	157.276	29	157.276	29
193	decode	4	2.1459	141.621	157.276	29	157.276	29
194	decode	4	2.14987	141.878	157.05	29	157.276	29
195	decode	4	2.1548	142.198	156.598	29	156.598	29
196	decode	4	2.15531	142.227	156.598	29	156.598	29
197	decode	4	2.1585	142.432	156.598	29	156.598	29
198	decode	4	2.15292	142.06	156.689	29.6667	156.735	30
199	decode	4	2.14815	141.74	156.735	30	156.735	30
200	decode	4	2.14398	141.46	156.735	30	156.735	30
201	decode	4	2.14995	141.849	156.735	30	156.735	30
202	decode	4	2.15611	142.251	154.988	30	154.988	30
203	decode	4	2.15658	142.276	154.988	30	154.988	30
204	decode	4	2.15244	141.998	154.988	30	154.988	30
205	decode	4	2.15033	141.854	155.326	29	155.664	30
206	decode	4	2.13076	140.558	155.664	28	155.664	28
207	decode	4	2.15202	141.956	155.664	28	155.664	28
208	decode	4	2.15506	142.151	155.664	28	155.664	28
209	decode	4	2.14173	141.267	155.282	28	155.282	28
210	decode	4	2.14567	141.522	155.282	28	155.282	28
211	decode	4	2.15353	142.036	155.282	28	155.282	28
212	decode	4	2.15341	142.023	155.16	28	155.282	28
213	decode	4	2.15018	141.805	154.916	28	154.916	28
214	decode	4	1.98254	130.744	154.916	28	154.916	28
215	decode	4	2.12722	140.281	154.916	28	154.916	28
216	decode	4	2.15248	141.942	154.569	28	154.569	28
217	decode	4	2.15268	141.95	154.569	28	154.569	28
218	decode	4	2.15984	142.417	154.569	28	154.569	28
219	decode	4	2.14196	141.234	154.676	28	154.889	28
220	decode	4	2.15219	141.903	154.889	28	154.889	28
221	decode	4	2.15149	141.852	154.889	28	154.889	28
222	decode	4	2.15377	141.997	154.889	28	154.889	28
223	decode	4	2.15307	141.947	154.518	28	154.889	28
224	decode	4	2.15108	141.811	154.333	28	154.333	28
225	decode	4	2.15751	142.229	154.333	28	154.333	28
226	decode	4	2.15371	141.974	154.334	28	154.336	28
227	decode	4	2.16178	142.501	154.336	28	154.336	28
228	decode	4	2.15601	142.116	154.336	28	154.336	28
229	decode	4	2.15902	142.309	154.336	28	154.336	28
230	decode	4	2.1554	142.066	154.84	28	155.092	28
231	decode	4	2.15802	142.234	155.092	28	155.092	28
232	decode	4	2.15287	141.89	155.092	28	155.092	28
233	decode	4	2.1553	142.045	155.092	28	155.092	28
234	decode	4	2.15636	142.109	154.128	30	154.128	30
235	decode	4	2.15139	141.777	154.128	30	154.128	30
236	decode	4	2.15842	142.235	154.128	30	154.128	30
237	decode	4	2.154	141.939	155.174	30	155.697	30
238	decode	4	1.92144	126.61	155.697	30	155.697	30
239	decode	4	2.14501	141.337	155.697	30	155.697	30
240	decode	4	2.16003	142.322	155.317	29.6667	155.697	30
241	decode	4	2.14314	141.204	154.557	29	154.557	29
242	decode	4	2.15412	141.923	154.557	29	154.557	29
243	decode	4	2.14825	141.531	154.557	29	154.557	29
244	decode	4	2.15546	142.001	154.812	29	154.94	29
245	decode	4	2.15202	141.769	154.94	29	154.94	29
246	decode	4	2.14761	141.474	154.94	29	154.94	29
247	decode	4	2.15174	141.741	155.192	30	155.696	32
248	decode	4	2.1457	141.339	155.696	32	155.696	32
249	decode	4	2.14957	141.589	155.696	32	155.696	32
250	decode	4	2.15096	141.675	155.696	32	155.696	32
251	decode	4	2.15462	141.911	156.269	32	156.556	32
252	decode	4	2.14473	141.255	156.556	32	156.556	32
253	decode	4	2.15026	141.614	156.556	32	156.556	32
254	decode	4	2.15063	141.634	156.556	32	156.556	32
255	decode	4	2.15416	141.862	155.763	33	155.763	33
